2942 2124 2858 3006 3268 3299 3047 3672 3945 3892 3126 3843 3289 3982 3541 3538 3285 2965 2538 2979
2805 3018 3162 3282 3023 3519 3874 3854 2698 3582 3350 3823 4035 3967 3476 2999 2996 3226 3287 2538
2748 3138 3202 3615 4402 4265 4373 4567 4744 4100 4497 4209 3940 3527 3863 3143 2607 2671 2854 2913
3377 3445 4111 3998 3679 4885 4879 5590 3279 5044 4295 4378 4740 4318 4635 3725 3821 3061 3063 3093
3262 4302 4747 5140 4434 4630 6409 4762 6062 5221 3971 4013 5298 3929 4809 4180 3187 3682 3132 3518
4172 4725 4692 4865 4509 5795 6742 7359 6236 5133 7437 6520 5330 4391 4667 4281 3538 3595 4053 4490
4967 4504 4886 6327 5671 6620 6672 6678 6861 6798 6492 5871 5782 5337 5009 4070 4185 3612 3377 3198
4165 5024 5939 6536 5513 7517 7233 6973 7858 6779 6996 7293 7043 5917 5556 4496 4105 4640 3188 3330
5624 5677 6269 7106 7330 7514 8585 8159 7575 7734 7719 6434 6604 6738 4842 4719 4142 3746 3546 4063
5692 5715 6564 7147 7626 8470 7486 7813 6584 9206 7346 7725 7234 6122 6594 5603 4870 3790 3745 2735
5852 5486 7211 7616 7273 8809 9670 8975 9077 6869 7974 7615 6594 6584 7077 5168 4258 4271 3912 3212
4288 5452 6729 6760 7568 8690 9585 9122 8330 7058 7615 7702 6158 6235 6645 5723 4960 4437 3548 3824
6087 7235 6033 7562 8336 6708 8459 9346 9907 7476 7215 5751 6660 4814 5306 5992 4924 4760 3644 2246
5431 4814 6149 5336 7278 7667 7775 9430 7901 6668 6872 6266 5783 5216 6258 5989 5397 3712 3246 3094
5854 5580 5822 6343 6745 7162 9363 6879 7543 7163 7122 4583 5161 6818 4190 5531 4303 5218 3865 3545
5246 4942 5981 5624 6223 6621 7040 6742 5491 6487 5152 5210 5532 5648 3049 4453 4398 3578 2919 3162
4716 4444 5044 4998 5291 6456 6412 4732 4198 5637 5046 3813 5153 4402 4345 5177 4230 3616 3034 2822
3695 4872 4799 4810 5278 5609 5307 5584 5028 4932 4862 3919 4340 4547 3685 3818 3766 3872 3293 2893
4276 3754 4691 5534 3971 4806 4256 4152 4720 5052 3925 3392 3951 3218 3379 3636 3773 2958 2763 2573
4518 3737 4422 3683 4410 4446 3844 3604 3579 4500 3867 3416 3308 3072 2598 3112 2978 2838 2266 2182
