#Voltage(V),Current(A)
-8.7, -1.1093987268e-05
-8.699, -9.0030634965e-06
-8.698, -7.4666277214e-06
-8.697000000000001, -6.6296574914e-06
-8.696000000000002, -5.7477509472e-06
-8.695000000000002, -5.0014423323e-06
-8.694000000000003, -4.6336472224e-06
-8.693000000000003, -3.7967161006e-06
-8.692000000000004, -3.6015808291e-06
-8.691000000000004, -2.8048671084e-06
-8.690000000000005, -2.6933114441e-06
-8.689000000000005, -2.6926707051e-06
-8.688000000000006, -2.3147003958e-06
-8.687000000000006, -1.9765959678e-06
-8.686000000000007, -1.8333686285e-06
-8.685000000000008, -1.5545529095e-06
-8.684000000000008, -1.4920419744e-06
-8.683000000000009, -1.239919925e-06
-8.68200000000001, -1.1421644786e-06
-8.68100000000001, -9.8887028344e-07
-8.68000000000001, -9.2124514595e-07
-8.679000000000011, -7.9284961885e-07
-8.678000000000011, -7.2262866979e-07
-8.677000000000012, -6.3253435201e-07
-8.676000000000013, -5.9825032395e-07
-8.675000000000013, -5.249263495e-07
-8.674000000000014, -5.0360847581e-07
-8.673000000000014, -4.792310051e-07
-8.672000000000015, -3.8417462633e-07
-8.671000000000015, -3.513189597e-07
-8.670000000000016, -3.4154075479e-07
-8.669000000000016, -2.7600916042e-07
-8.668000000000017, -2.7334621677e-07
-8.667000000000018, -2.5402889037e-07
-8.666000000000018, -2.1743805689e-07
-8.665000000000019, -2.0275041379e-07
-8.66400000000002, -1.9301104714e-07
-8.66300000000002, -1.7427781529e-07
-8.66200000000002, -1.5846788415e-07
-8.661000000000021, -1.3797723852e-07
-8.660000000000021, -1.3478964433e-07
-8.659000000000022, -1.1934425004e-07
-8.658000000000023, -1.1264820188e-07
-8.657000000000023, -1.0573144493e-07
-8.656000000000024, -1.0179103072e-07
-8.655000000000024, -9.1476216824e-08
-8.654000000000025, -9.5792401567e-08
-8.653000000000025, -1.0339299195e-07
-8.652000000000026, -9.6619586998e-08
-8.651000000000026, -8.862863865e-08
-8.650000000000027, -8.4823234658e-08
-8.649000000000028, -8.2423007086e-08
-8.648000000000028, -7.6260668891e-08
-8.647000000000029, -7.0858796164e-08
-8.64600000000003, -6.7808763049e-08
-8.64500000000003, -6.5826021967e-08
-8.64400000000003, -6.4989315263e-08
-8.64300000000003, -6.074422032e-08
-8.642000000000031, -5.5813028865e-08
-8.641000000000032, -5.5432405333e-08
-8.640000000000033, -5.0125485984e-08
-8.639000000000033, -4.7787722224e-08
-8.638000000000034, -4.6474411874e-08
-8.637000000000034, -4.4621831563e-08
-8.636000000000035, -4.309436008e-08
-8.635000000000035, -3.9321964351e-08
-8.634000000000036, -3.8893862353e-08
-8.633000000000036, -3.6876365073e-08
-8.632000000000037, -3.5451240166e-08
-8.631000000000038, -3.4104846947e-08
-8.630000000000038, -3.2279860562e-08
-8.629000000000039, -3.0472442347e-08
-8.62800000000004, -3.0006063412e-08
-8.62700000000004, -2.8835325239e-08
-8.62600000000004, -2.7439714501e-08
-8.62500000000004, -2.6325265523e-08
-8.624000000000041, -2.5769853806e-08
-8.623000000000042, -2.4552036848e-08
-8.622000000000043, -2.4222536865e-08
-8.621000000000043, -2.3559145745e-08
-8.620000000000044, -2.3041247132e-08
-8.619000000000044, -2.2238504371e-08
-8.618000000000045, -2.0919497246e-08
-8.617000000000045, -2.0936075984e-08
-8.616000000000046, -2.0222062247e-08
-8.615000000000046, -1.9697280251e-08
-8.614000000000047, -1.9522316208e-08
-8.613000000000048, -1.9007913465e-08
-8.612000000000048, -1.8196061546e-08
-8.611000000000049, -1.7650847894e-08
-8.61000000000005, -1.7427410626e-08
-8.60900000000005, -1.6682786708e-08
-8.60800000000005, -1.6339010145e-08
-8.60700000000005, -1.5801358444e-08
-8.606000000000051, -1.5320306801e-08
-8.605000000000052, -1.5126968123e-08
-8.604000000000052, -1.4513553914e-08
-8.603000000000053, -1.4266761106e-08
-8.602000000000054, -1.4070907994e-08
-8.601000000000054, -1.380257153e-08
-8.600000000000055, -1.3349747086e-08
-8.599000000000055, -1.3246838293e-08
-8.598000000000056, -1.2953636386e-08
-8.597000000000056, -1.2715590358e-08
-8.596000000000057, -1.2430732887e-08
-8.595000000000057, -1.2119143911e-08
-8.594000000000058, -1.1821938095e-08
-8.593000000000059, -1.1618303652e-08
-8.59200000000006, -1.1404331701e-08
-8.59100000000006, -1.1044821946e-08
-8.59000000000006, -1.0910711445e-08
-8.58900000000006, -1.078323475e-08
-8.588000000000061, -1.0538738771e-08
-8.587000000000062, -1.0506765236e-08
-8.586000000000062, -1.0345351242e-08
-8.585000000000063, -1.021165108e-08
-8.584000000000064, -1.0003753381e-08
-8.583000000000064, -9.5886951712e-09
-8.582000000000065, -9.591402339e-09
-8.581000000000065, -9.5094474517e-09
-8.580000000000066, -9.3986001204e-09
-8.579000000000066, -9.3767225096e-09
-8.578000000000067, -9.2349479175e-09
-8.577000000000067, -9.0350411597e-09
-8.576000000000068, -8.9126643843e-09
-8.575000000000069, -8.8142639854e-09
-8.57400000000007, -8.6470883787e-09
-8.57300000000007, -8.5740481381e-09
-8.57200000000007, -8.4916322862e-09
-8.57100000000007, -8.4933766686e-09
-8.570000000000071, -8.291126008e-09
-8.569000000000072, -8.1933819729e-09
-8.568000000000072, -8.1358253468e-09
-8.567000000000073, -8.0348483422e-09
-8.566000000000074, -7.9752311422e-09
-8.565000000000074, -7.9001329922e-09
-8.564000000000075, -7.7761574957e-09
-8.563000000000075, -7.7375377217e-09
-8.562000000000076, -7.6258421799e-09
-8.561000000000076, -7.563995652e-09
-8.560000000000077, -7.4127761707e-09
-8.559000000000077, -7.3412613766e-09
-8.558000000000078, -7.2867099021e-09
-8.557000000000079, -7.2207151369e-09
-8.556000000000079, -7.1463146512e-09
-8.55500000000008, -7.1240728872e-09
-8.55400000000008, -7.0159384968e-09
-8.55300000000008, -6.9328436325e-09
-8.552000000000081, -6.9028534e-09
-8.551000000000082, -6.8503140938e-09
-8.550000000000082, -6.7546221949e-09
-8.549000000000083, -6.7228391742e-09
-8.548000000000084, -6.6454779457e-09
-8.547000000000084, -6.6140559696e-09
-8.546000000000085, -6.6196181869e-09
-8.545000000000085, -6.5495608936e-09
-8.544000000000086, -6.5144885042e-09
-8.543000000000086, -6.4369962693e-09
-8.542000000000087, -6.3968284003e-09
-8.541000000000087, -6.357007809e-09
-8.540000000000088, -6.3126126548e-09
-8.539000000000089, -6.2770464382e-09
-8.538000000000089, -6.2426743774e-09
-8.53700000000009, -6.1769278581e-09
-8.53600000000009, -6.1301173027e-09
-8.53500000000009, -6.1334404222e-09
-8.534000000000091, -6.0918070588e-09
-8.533000000000092, -6.0581428762e-09
-8.532000000000092, -5.9723865853e-09
-8.531000000000093, -5.9709677203e-09
-8.530000000000094, -5.912748513e-09
-8.529000000000094, -5.8796922886e-09
-8.528000000000095, -5.8700870831e-09
-8.527000000000095, -5.8050280138e-09
-8.526000000000096, -5.7707576495e-09
-8.525000000000096, -5.7236868578e-09
-8.524000000000097, -5.7594791159e-09
-8.523000000000097, -5.7146252175e-09
-8.522000000000098, -5.6718651997e-09
-8.521000000000098, -5.6100759593e-09
-8.520000000000099, -5.5935767129e-09
-8.5190000000001, -5.5753996975e-09
-8.5180000000001, -5.5594409076e-09
-8.5170000000001, -5.5184554704e-09
-8.516000000000101, -5.4704147878e-09
-8.515000000000102, -5.4736619681e-09
-8.514000000000102, -5.4383351156e-09
-8.513000000000103, -5.4352931045e-09
-8.512000000000103, -5.3614095386e-09
-8.511000000000104, -5.3166746561e-09
-8.510000000000105, -5.3177950932e-09
-8.509000000000105, -5.2952406904e-09
-8.508000000000106, -5.2564739228e-09
-8.507000000000106, -5.2224966574e-09
-8.506000000000107, -5.2367430392e-09
-8.505000000000107, -5.1766875231e-09
-8.504000000000108, -5.1629887032e-09
-8.503000000000108, -5.1489581487e-09
-8.502000000000109, -5.1152260205e-09
-8.50100000000011, -5.0994786172e-09
-8.50000000000011, -5.0836002075e-09
-8.49900000000011, -5.0665991402e-09
-8.498000000000111, -5.0582689148e-09
-8.497000000000112, -5.0314370448e-09
-8.496000000000112, -5.0107979988e-09
-8.495000000000113, -5.003396808e-09
-8.494000000000113, -4.9772070909e-09
-8.493000000000114, -4.9519357503e-09
-8.492000000000115, -4.9347681497e-09
-8.491000000000115, -4.935312603e-09
-8.490000000000116, -4.8932475849e-09
-8.489000000000116, -4.8937423003e-09
-8.488000000000117, -4.888837335e-09
-8.487000000000117, -4.8566439759e-09
-8.486000000000118, -4.8247188467e-09
-8.485000000000118, -4.8217962956e-09
-8.484000000000119, -4.8083266257e-09
-8.48300000000012, -4.7815991167e-09
-8.48200000000012, -4.757168881e-09
-8.48100000000012, -4.7407673343e-09
-8.480000000000121, -4.7273429615e-09
-8.479000000000122, -4.6968393619e-09
-8.478000000000122, -4.6924673036e-09
-8.477000000000123, -4.6600856507e-09
-8.476000000000123, -4.6600230341e-09
-8.475000000000124, -4.6547588006e-09
-8.474000000000125, -4.6379211582e-09
-8.473000000000125, -4.6273886944e-09
-8.472000000000126, -4.5954222649e-09
-8.471000000000126, -4.575510193e-09
-8.470000000000127, -4.5718557828e-09
-8.469000000000127, -4.5767651891e-09
-8.468000000000128, -4.5750945254e-09
-8.467000000000128, -4.5535215598e-09
-8.466000000000129, -4.5491654888e-09
-8.46500000000013, -4.5147143801e-09
-8.46400000000013, -4.519637109e-09
-8.46300000000013, -4.5158103923e-09
-8.462000000000131, -4.4972945368e-09
-8.461000000000132, -4.5046300023e-09
-8.460000000000132, -4.4795553933e-09
-8.459000000000133, -4.468159176e-09
-8.458000000000133, -4.4512482589e-09
-8.457000000000134, -4.4426076151e-09
-8.456000000000135, -4.4422407974e-09
-8.455000000000135, -4.4209480521e-09
-8.454000000000136, -4.4066768012e-09
-8.453000000000136, -4.3967363084e-09
-8.452000000000137, -4.4008894307e-09
-8.451000000000137, -4.390795727e-09
-8.450000000000138, -4.3857872889e-09
-8.449000000000138, -4.3673913375e-09
-8.448000000000139, -4.3596584121e-09
-8.44700000000014, -4.344400395e-09
-8.44600000000014, -4.3314005715e-09
-8.44500000000014, -4.3500234526e-09
-8.444000000000141, -4.3123242754e-09
-8.443000000000142, -4.3022230223e-09
-8.442000000000142, -4.289701927e-09
-8.441000000000143, -4.283499333e-09
-8.440000000000143, -4.2735619488e-09
-8.439000000000144, -4.2746766127e-09
-8.438000000000144, -4.2725836202e-09
-8.437000000000145, -4.2572372294e-09
-8.436000000000146, -4.246323293e-09
-8.435000000000146, -4.2397307887e-09
-8.434000000000147, -4.2323775595e-09
-8.433000000000147, -4.222707517e-09
-8.432000000000148, -4.2181391713e-09
-8.431000000000148, -4.2037915371e-09
-8.430000000000149, -4.198071224e-09
-8.42900000000015, -4.1918895022e-09
-8.42800000000015, -4.1909564708e-09
-8.42700000000015, -4.1659768968e-09
-8.426000000000151, -4.1682439722e-09
-8.425000000000152, -4.1424339514e-09
-8.424000000000152, -4.1438377174e-09
-8.423000000000153, -4.1352179458e-09
-8.422000000000153, -4.1270156181e-09
-8.421000000000154, -4.1309693444e-09
-8.420000000000154, -4.1229979431e-09
-8.419000000000155, -4.1131289485e-09
-8.418000000000156, -4.1104386561e-09
-8.417000000000156, -4.1087289127e-09
-8.416000000000157, -4.0989798222e-09
-8.415000000000157, -4.0937671031e-09
-8.414000000000158, -4.0872598639e-09
-8.413000000000158, -4.0822452085e-09
-8.412000000000159, -4.0723922012e-09
-8.41100000000016, -4.0642511578e-09
-8.41000000000016, -4.0637786469e-09
-8.40900000000016, -4.051293967e-09
-8.408000000000161, -4.0517811328e-09
-8.407000000000162, -4.0482222019e-09
-8.406000000000162, -4.0364964704e-09
-8.405000000000163, -4.0340770724e-09
-8.404000000000163, -4.0181271643e-09
-8.403000000000164, -4.0183887329e-09
-8.402000000000164, -4.0141499014e-09
-8.401000000000165, -4.0174099603e-09
-8.400000000000166, -4.001583509e-09
-8.399000000000166, -3.9956966624e-09
-8.398000000000167, -3.9856278278e-09
-8.397000000000167, -3.9774881166e-09
-8.396000000000168, -3.9783070171e-09
-8.395000000000168, -3.9672354291e-09
-8.394000000000169, -3.9550696052e-09
-8.39300000000017, -3.9533230023e-09
-8.39200000000017, -3.9491863113e-09
-8.39100000000017, -3.9469525426e-09
-8.390000000000171, -3.9413499131e-09
-8.389000000000172, -3.9403049712e-09
-8.388000000000172, -3.9356859993e-09
-8.387000000000173, -3.9288212683e-09
-8.386000000000173, -3.9225698245e-09
-8.385000000000174, -3.9145868769e-09
-8.384000000000174, -3.9090228832e-09
-8.383000000000175, -3.915821889e-09
-8.382000000000176, -3.8975120908e-09
-8.381000000000176, -3.8952805426e-09
-8.380000000000177, -3.8862535412e-09
-8.379000000000177, -3.8889895748e-09
-8.378000000000178, -3.8804932601e-09
-8.377000000000178, -3.8760235022e-09
-8.376000000000179, -3.8753293907e-09
-8.37500000000018, -3.8641410072e-09
-8.37400000000018, -3.8492466992e-09
-8.37300000000018, -3.8485374887e-09
-8.372000000000181, -3.8445970851e-09
-8.371000000000182, -3.8455354456e-09
-8.370000000000182, -3.8414094128e-09
-8.369000000000183, -3.8395207014e-09
-8.368000000000183, -3.8347147679e-09
-8.367000000000184, -3.8258933799e-09
-8.366000000000184, -3.8199110541e-09
-8.365000000000185, -3.816420957e-09
-8.364000000000186, -3.8086538368e-09
-8.363000000000186, -3.8096170663e-09
-8.362000000000187, -3.8082315079e-09
-8.361000000000187, -3.8055367746e-09
-8.360000000000188, -3.7953062915e-09
-8.359000000000188, -3.7874112735e-09
-8.358000000000189, -3.7868850278e-09
-8.35700000000019, -3.7871936698e-09
-8.35600000000019, -3.7855052426e-09
-8.35500000000019, -3.7897942562e-09
-8.354000000000191, -3.778612534e-09
-8.353000000000192, -3.7722611701e-09
-8.352000000000192, -3.7655079055e-09
-8.351000000000193, -3.7572007727e-09
-8.350000000000193, -3.7467944303e-09
-8.349000000000194, -3.7576639578e-09
-8.348000000000194, -3.7497711602e-09
-8.347000000000195, -3.7412148934e-09
-8.346000000000195, -3.7404097597e-09
-8.345000000000196, -3.7345602166e-09
-8.344000000000197, -3.7302649858e-09
-8.343000000000197, -3.7268117481e-09
-8.342000000000198, -3.7206202563e-09
-8.341000000000198, -3.7205691861e-09
-8.340000000000199, -3.7160354793e-09
-8.3390000000002, -3.7066743008e-09
-8.3380000000002, -3.7057459323e-09
-8.3370000000002, -3.6967802153e-09
-8.336000000000201, -3.6935687842e-09
-8.335000000000202, -3.6914935553e-09
-8.334000000000202, -3.6881597776e-09
-8.333000000000203, -3.6916443236e-09
-8.332000000000203, -3.6859533203e-09
-8.331000000000204, -3.6776637291e-09
-8.330000000000204, -3.671351223e-09
-8.329000000000205, -3.6777789703e-09
-8.328000000000205, -3.6692022753e-09
-8.327000000000206, -3.6674625559e-09
-8.326000000000207, -3.6665668279e-09
-8.325000000000207, -3.6615281918e-09
-8.324000000000208, -3.6569016704e-09
-8.323000000000208, -3.654530456e-09
-8.322000000000209, -3.6551839333e-09
-8.32100000000021, -3.6528462477e-09
-8.32000000000021, -3.6477774135e-09
-8.31900000000021, -3.6450935603e-09
-8.318000000000211, -3.6407472592e-09
-8.317000000000212, -3.6392060476e-09
-8.316000000000212, -3.6299361295e-09
-8.315000000000213, -3.6238390067e-09
-8.314000000000213, -3.6268756887e-09
-8.313000000000214, -3.6259839575e-09
-8.312000000000214, -3.6223495314e-09
-8.311000000000215, -3.6198846143e-09
-8.310000000000215, -3.6173652962e-09
-8.309000000000216, -3.6089544686e-09
-8.308000000000217, -3.6101377443e-09
-8.307000000000217, -3.6045839646e-09
-8.306000000000218, -3.6007556936e-09
-8.305000000000218, -3.5997507197e-09
-8.304000000000219, -3.5997613779e-09
-8.30300000000022, -3.595152398e-09
-8.30200000000022, -3.5904754725e-09
-8.30100000000022, -3.589547326e-09
-8.300000000000221, -3.583503716e-09
-8.299000000000222, -3.5811626997e-09
-8.298000000000222, -3.5802523168e-09
-8.297000000000223, -3.5763094708e-09
-8.296000000000223, -3.5757306005e-09
-8.295000000000224, -3.5696205991e-09
-8.294000000000224, -3.5650595809e-09
-8.293000000000225, -3.5615936866e-09
-8.292000000000225, -3.5601388504e-09
-8.291000000000226, -3.5550191679e-09
-8.290000000000227, -3.5550955513e-09
-8.289000000000227, -3.5451492852e-09
-8.288000000000228, -3.5449227997e-09
-8.287000000000228, -3.5425626876e-09
-8.286000000000229, -3.5442342394e-09
-8.28500000000023, -3.540986615e-09
-8.28400000000023, -3.5377498708e-09
-8.28300000000023, -3.5362754947e-09
-8.282000000000231, -3.5332130555e-09
-8.281000000000232, -3.5302234469e-09
-8.280000000000232, -3.5286231714e-09
-8.279000000000233, -3.5223117756e-09
-8.278000000000233, -3.5205383053e-09
-8.277000000000234, -3.5177258884e-09
-8.276000000000234, -3.5120295561e-09
-8.275000000000235, -3.5116749508e-09
-8.274000000000235, -3.5108933538e-09
-8.273000000000236, -3.5049210201e-09
-8.272000000000236, -3.5045382152e-09
-8.271000000000237, -3.5010307986e-09
-8.270000000000238, -3.5004128485e-09
-8.269000000000238, -3.4923215431e-09
-8.268000000000239, -3.4915272895e-09
-8.26700000000024, -3.4854055198e-09
-8.26600000000024, -3.4899139134e-09
-8.26500000000024, -3.4838119056e-09
-8.264000000000241, -3.4825897721e-09
-8.263000000000241, -3.4902365442e-09
-8.262000000000242, -3.4830653917e-09
-8.261000000000243, -3.4779763514e-09
-8.260000000000243, -3.4808032012e-09
-8.259000000000244, -3.4786298286e-09
-8.258000000000244, -3.4757257072e-09
-8.257000000000245, -3.469576848e-09
-8.256000000000245, -3.4669607185e-09
-8.255000000000246, -3.4646212566e-09
-8.254000000000246, -3.4638498736e-09
-8.253000000000247, -3.4593055087e-09
-8.252000000000248, -3.4581457697e-09
-8.251000000000248, -3.4571210339e-09
-8.250000000000249, -3.4564071605e-09
-8.24900000000025, -3.4562919193e-09
-8.24800000000025, -3.444855734e-09
-8.24700000000025, -3.4474931798e-09
-8.246000000000251, -3.444606822e-09
-8.245000000000251, -3.4386424819e-09
-8.244000000000252, -3.4364802115e-09
-8.243000000000253, -3.4378997427e-09
-8.242000000000253, -3.4316804953e-09
-8.241000000000254, -3.4340277288e-09
-8.240000000000254, -3.4282905403e-09
-8.239000000000255, -3.4238560875e-09
-8.238000000000255, -3.4239722169e-09
-8.237000000000256, -3.4232181534e-09
-8.236000000000256, -3.4219316269e-09
-8.235000000000257, -3.4196014909e-09
-8.234000000000258, -3.4159497453e-09
-8.233000000000258, -3.4163427642e-09
-8.232000000000259, -3.4105476221e-09
-8.23100000000026, -3.4096945267e-09
-8.23000000000026, -3.4096252488e-09
-8.22900000000026, -3.4114806535e-09
-8.22800000000026, -3.4102505264e-09
-8.227000000000261, -3.4060483323e-09
-8.226000000000262, -3.4067906274e-09
-8.225000000000263, -3.4035210206e-09
-8.224000000000263, -3.4025322559e-09
-8.223000000000264, -3.3987039849e-09
-8.222000000000264, -3.4041494068e-09
-8.221000000000265, -3.3955120937e-09
-8.220000000000265, -3.3949150158e-09
-8.219000000000266, -3.3899945073e-09
-8.218000000000266, -3.3903937435e-09
-8.217000000000267, -3.3860281246e-09
-8.216000000000268, -3.3827778356e-09
-8.215000000000268, -3.3821894174e-09
-8.214000000000269, -3.3788705167e-09
-8.21300000000027, -3.3778040365e-09
-8.21200000000027, -3.3743992045e-09
-8.21100000000027, -3.3743146055e-09
-8.21000000000027, -3.3694578239e-09
-8.209000000000271, -3.3712428404e-09
-8.208000000000272, -3.3692886259e-09
-8.207000000000273, -3.3685181311e-09
-8.206000000000273, -3.3641627262e-09
-8.205000000000274, -3.3643223762e-09
-8.204000000000274, -3.3634117713e-09
-8.203000000000275, -3.3587275183e-09
-8.202000000000275, -3.3575722203e-09
-8.201000000000276, -3.3592664206e-09
-8.200000000000276, -3.3589373505e-09
-8.199000000000277, -3.3538767319e-09
-8.198000000000278, -3.3499638619e-09
-8.197000000000278, -3.3513962716e-09
-8.196000000000279, -3.350004274e-09
-8.19500000000028, -3.3500062724e-09
-8.19400000000028, -3.349118316e-09
-8.19300000000028, -3.3445082259e-09
-8.19200000000028, -3.3424929491e-09
-8.191000000000281, -3.3431764024e-09
-8.190000000000282, -3.3410263445e-09
-8.189000000000282, -3.3361380325e-09
-8.188000000000283, -3.3378091402e-09
-8.187000000000284, -3.3354896622e-09
-8.186000000000284, -3.3321594373e-09
-8.185000000000285, -3.3320115556e-09
-8.184000000000285, -3.3302631763e-09
-8.183000000000286, -3.3300768809e-09
-8.182000000000286, -3.3277174349e-09
-8.181000000000287, -3.3235449948e-09
-8.180000000000287, -3.318299191e-09
-8.179000000000288, -3.3212477213e-09
-8.178000000000289, -3.3204017313e-09
-8.17700000000029, -3.3223683804e-09
-8.17600000000029, -3.3175442393e-09
-8.17500000000029, -3.3124425425e-09
-8.17400000000029, -3.3109497366e-09
-8.173000000000291, -3.3143798817e-09
-8.172000000000292, -3.3121907439e-09
-8.171000000000292, -3.3090079565e-09
-8.170000000000293, -3.3014966316e-09
-8.169000000000294, -3.2994962318e-09
-8.168000000000294, -3.3002149902e-09
-8.167000000000295, -3.3018598966e-09
-8.166000000000295, -3.2994478261e-09
-8.165000000000296, -3.2942149009e-09
-8.164000000000296, -3.2922666815e-09
-8.163000000000297, -3.2930660421e-09
-8.162000000000297, -3.295664408e-09
-8.161000000000298, -3.2935254524e-09
-8.160000000000299, -3.2914035941e-09
-8.1590000000003, -3.2871987354e-09
-8.1580000000003, -3.2853813003e-09
-8.1570000000003, -3.2828482155e-09
-8.1560000000003, -3.2832021546e-09
-8.155000000000301, -3.2826630303e-09
-8.154000000000302, -3.2810874018e-09
-8.153000000000302, -3.279873706e-09
-8.152000000000303, -3.2758757929e-09
-8.151000000000304, -3.2771978464e-09
-8.150000000000304, -3.2746587664e-09
-8.149000000000305, -3.2736440225e-09
-8.148000000000305, -3.2747109469e-09
-8.147000000000306, -3.2752036638e-09
-8.146000000000306, -3.2702354158e-09
-8.145000000000307, -3.2704448039e-09
-8.144000000000307, -3.2657530014e-09
-8.143000000000308, -3.2652340831e-09
-8.142000000000309, -3.2602662792e-09
-8.141000000000309, -3.2620683932e-09
-8.14000000000031, -3.2594666965e-09
-8.13900000000031, -3.259832404e-09
-8.13800000000031, -3.2563305385e-09
-8.137000000000311, -3.2573110875e-09
-8.136000000000312, -3.2513167714e-09
-8.135000000000312, -3.2501872305e-09
-8.134000000000313, -3.2496192404e-09
-8.133000000000314, -3.2462565969e-09
-8.132000000000314, -3.2468303601e-09
-8.131000000000315, -3.2418463469e-09
-8.130000000000315, -3.2401936689e-09
-8.129000000000316, -3.2401012984e-09
-8.128000000000316, -3.238227686e-09
-8.127000000000317, -3.2371731962e-09
-8.126000000000317, -3.2334270816e-09
-8.125000000000318, -3.2314364518e-09
-8.124000000000319, -3.2284279694e-09
-8.123000000000319, -3.2299680708e-09
-8.12200000000032, -3.228520784e-09
-8.12100000000032, -3.2309310782e-09
-8.12000000000032, -3.2253075766e-09
-8.119000000000321, -3.2306655129e-09
-8.118000000000322, -3.2274347639e-09
-8.117000000000322, -3.2235469849e-09
-8.116000000000323, -3.2242863934e-09
-8.115000000000324, -3.2257208016e-09
-8.114000000000324, -3.2204816591e-09
-8.113000000000325, -3.2187024157e-09
-8.112000000000325, -3.2187656984e-09
-8.111000000000326, -3.2165958785e-09
-8.110000000000326, -3.2160227814e-09
-8.109000000000327, -3.2136817651e-09
-8.108000000000327, -3.2129439109e-09
-8.107000000000328, -3.2124412019e-09
-8.106000000000328, -3.2088649515e-09
-8.105000000000329, -3.207149657e-09
-8.10400000000033, -3.2067908329e-09
-8.10300000000033, -3.2061220345e-09
-8.10200000000033, -3.2050453402e-09
-8.101000000000331, -3.2020879281e-09
-8.100000000000332, -3.2011679973e-09
-8.099000000000332, -3.2024347618e-09
-8.098000000000333, -3.199279508e-09
-8.097000000000333, -3.196715781e-09
-8.096000000000334, -3.1948250712e-09
-8.095000000000335, -3.1937072986e-09
-8.094000000000335, -3.1919522581e-09
-8.093000000000336, -3.1913072185e-09
-8.092000000000336, -3.1879923146e-09
-8.091000000000337, -3.1867271044e-09
-8.090000000000337, -3.1876028483e-09
-8.089000000000338, -3.1844342718e-09
-8.088000000000338, -3.1840459158e-09
-8.087000000000339, -3.1847822157e-09
-8.08600000000034, -3.1799358702e-09
-8.08500000000034, -3.1788409682e-09
-8.08400000000034, -3.1802775968e-09
-8.083000000000341, -3.1763882635e-09
-8.082000000000342, -3.1766032027e-09
-8.081000000000342, -3.1745970297e-09
-8.080000000000343, -3.1714164628e-09
-8.079000000000343, -3.1684543877e-09
-8.078000000000344, -3.1692601876e-09
-8.077000000000345, -3.1666744782e-09
-8.076000000000345, -3.1655966737e-09
-8.075000000000346, -3.1651377075e-09
-8.074000000000346, -3.1629234787e-09
-8.073000000000347, -3.1618960783e-09
-8.072000000000347, -3.1598781369e-09
-8.071000000000348, -3.1612825691e-09
-8.070000000000348, -3.1567908287e-09
-8.069000000000349, -3.1545126511e-09
-8.06800000000035, -3.1517020105e-09
-8.06700000000035, -3.150275818e-09
-8.06600000000035, -3.1518165855e-09
-8.065000000000351, -3.1489257868e-09
-8.064000000000352, -3.1485365426e-09
-8.063000000000352, -3.1474411966e-09
-8.062000000000353, -3.147627492e-09
-8.061000000000353, -3.1436735437e-09
-8.060000000000354, -3.1414360002e-09
-8.059000000000355, -3.1410982704e-09
-8.058000000000355, -3.1408744494e-09
-8.057000000000356, -3.1382296761e-09
-8.056000000000356, -3.1416671487e-09
-8.055000000000357, -3.1386955257e-09
-8.054000000000357, -3.1374605136e-09
-8.053000000000358, -3.1354592256e-09
-8.052000000000358, -3.1365845476e-09
-8.051000000000359, -3.1352045404e-09
-8.05000000000036, -3.1336915285e-09
-8.04900000000036, -3.1309970172e-09
-8.04800000000036, -3.130956161e-09
-8.047000000000361, -3.1321492067e-09
-8.046000000000362, -3.130065096e-09
-8.045000000000362, -3.1284352886e-09
-8.044000000000363, -3.1277476165e-09
-8.043000000000363, -3.1274902668e-09
-8.042000000000364, -3.1260123379e-09
-8.041000000000365, -3.1242881615e-09
-8.040000000000365, -3.123792558e-09
-8.039000000000366, -3.1223896801e-09
-8.038000000000366, -3.1249101085e-09
-8.037000000000367, -3.1207301188e-09
-8.036000000000367, -3.1210551921e-09
-8.035000000000368, -3.119914771e-09
-8.034000000000368, -3.1182278981e-09
-8.033000000000369, -3.1185578564e-09
-8.03200000000037, -3.1150331203e-09
-8.03100000000037, -3.1161524472e-09
-8.03000000000037, -3.1120954702e-09
-8.029000000000371, -3.1133011724e-09
-8.028000000000372, -3.1165412473e-09
-8.027000000000372, -3.1154110403e-09
-8.026000000000373, -3.1130928946e-09
-8.025000000000373, -3.1092315389e-09
-8.024000000000374, -3.1097941999e-09
-8.023000000000374, -3.1070408468e-09
-8.022000000000375, -3.1059035344e-09
-8.021000000000376, -3.1037665771e-09
-8.020000000000376, -3.1039664172e-09
-8.019000000000377, -3.1002485024e-09
-8.018000000000377, -3.1000677581e-09
-8.017000000000378, -3.099037027e-09
-8.016000000000378, -3.1010400914e-09
-8.015000000000379, -3.1004740997e-09
-8.01400000000038, -3.097847312e-09
-8.01300000000038, -3.0988611677e-09
-8.01200000000038, -3.093292289e-09
-8.011000000000381, -3.0942886031e-09
-8.010000000000382, -3.0906781578e-09
-8.009000000000382, -3.0902429504e-09
-8.008000000000383, -3.0877111978e-09
-8.007000000000383, -3.0871885048e-09
-8.006000000000384, -3.0902826964e-09
-8.005000000000384, -3.0886437852e-09
-8.004000000000385, -3.0877280732e-09
-8.003000000000386, -3.0872531198e-09
-8.002000000000386, -3.0856175393e-09
-8.001000000000387, -3.0859361733e-09
