#Voltage(V),Current(A)
-8.7, -3.4480533486e-06
-8.6999, -3.3718065424e-06
-8.6998, -3.0256692298e-06
-8.6997, -2.7466448955e-06
-8.6996, -2.6367131341e-06
-8.6995, -2.6013847219e-06
-8.6994, -2.3934703677e-06
-8.699300000000001, -2.4479927561e-06
-8.699200000000001, -2.2754843485e-06
-8.699100000000001, -2.1756313799e-06
-8.699000000000002, -2.1446153369e-06
-8.698900000000002, -1.9604487989e-06
-8.698800000000002, -2.1156045023e-06
-8.698700000000002, -1.8834267621e-06
-8.698600000000003, -2.0299069092e-06
-8.698500000000003, -1.8793110712e-06
-8.698400000000003, -1.8289219952e-06
-8.698300000000003, -1.8287391867e-06
-8.698200000000003, -1.8060416096e-06
-8.698100000000004, -1.6921090946e-06
-8.698000000000004, -1.6310918909e-06
-8.697900000000004, -1.5468086758e-06
-8.697800000000004, -1.5764120462e-06
-8.697700000000005, -1.4238502217e-06
-8.697600000000005, -1.4110880784e-06
-8.697500000000005, -1.4275756257e-06
-8.697400000000005, -1.4244853901e-06
-8.697300000000006, -1.4445993202e-06
-8.697200000000006, -1.3453995962e-06
-8.697100000000006, -1.3131185597e-06
-8.697000000000006, -1.3559658782e-06
-8.696900000000007, -1.2804406424e-06
-8.696800000000007, -1.2983082343e-06
-8.696700000000007, -1.1691803365e-06
-8.696600000000007, -1.1581801118e-06
-8.696500000000007, -1.1967134697e-06
-8.696400000000008, -1.1206611816e-06
-8.696300000000008, -1.2310349575e-06
-8.696200000000008, -1.0679274283e-06
-8.696100000000008, -1.1449583326e-06
-8.696000000000009, -1.184008056e-06
-8.695900000000009, -1.2519950587e-06
-8.695800000000009, -1.1893846477e-06
-8.69570000000001, -1.0564197055e-06
-8.69560000000001, -1.0153119092e-06
-8.69550000000001, -1.0774317616e-06
-8.69540000000001, -1.037169568e-06
-8.69530000000001, -1.0751919035e-06
-8.69520000000001, -9.1155760629e-07
-8.69510000000001, -9.1107978051e-07
-8.695000000000011, -8.8843830781e-07
-8.694900000000011, -8.7588000497e-07
-8.694800000000011, -8.0815442516e-07
-8.694700000000012, -7.2572947829e-07
-8.694600000000012, -8.1630440718e-07
-8.694500000000012, -7.7313291058e-07
-8.694400000000012, -7.5297305102e-07
-8.694300000000013, -8.2656879385e-07
-8.694200000000013, -7.801449442e-07
-8.694100000000013, -7.7750530636e-07
-8.694000000000013, -7.5447718473e-07
-8.693900000000014, -7.1078886776e-07
-8.693800000000014, -7.4812442108e-07
-8.693700000000014, -6.7505709467e-07
-8.693600000000014, -6.7384303293e-07
-8.693500000000014, -6.8567231892e-07
-8.693400000000015, -6.3886068347e-07
-8.693300000000015, -6.8442147949e-07
-8.693200000000015, -6.4773303166e-07
-8.693100000000015, -5.9830557575e-07
-8.693000000000016, -6.4052761672e-07
-8.692900000000016, -6.3680289486e-07
-8.692800000000016, -6.5265220428e-07
-8.692700000000016, -6.1346997882e-07
-8.692600000000017, -6.0005197611e-07
-8.692500000000017, -5.8021117866e-07
-8.692400000000017, -6.0181992012e-07
-8.692300000000017, -5.6602550558e-07
-8.692200000000017, -5.4702519492e-07
-8.692100000000018, -5.4849954267e-07
-8.692000000000018, -5.5716475345e-07
-8.691900000000018, -5.7509726048e-07
-8.691800000000018, -5.9456590407e-07
-8.691700000000019, -5.3155378055e-07
-8.691600000000019, -4.880994311e-07
-8.691500000000019, -5.0815242503e-07
-8.69140000000002, -5.2417971119e-07
-8.69130000000002, -5.4377153447e-07
-8.69120000000002, -5.0171900057e-07
-8.69110000000002, -4.8954291287e-07
-8.69100000000002, -5.2450775456e-07
-8.69090000000002, -5.129510896e-07
-8.69080000000002, -5.0313866495e-07
-8.690700000000021, -4.5829798978e-07
-8.690600000000021, -4.8788206186e-07
-8.690500000000021, -4.4766738938e-07
-8.690400000000022, -4.4704262336e-07
-8.690300000000022, -4.6763338446e-07
-8.690200000000022, -4.521275514e-07
-8.690100000000022, -4.2541930156e-07
-8.690000000000023, -4.6255269126e-07
-8.689900000000023, -4.459697891e-07
-8.689800000000023, -4.3913144054e-07
-8.689700000000023, -3.8514633616e-07
-8.689600000000024, -4.1961069996e-07
-8.689500000000024, -3.9863724055e-07
-8.689400000000024, -3.9965746623e-07
-8.689300000000024, -4.1245056082e-07
-8.689200000000024, -3.9466237922e-07
-8.689100000000025, -3.9342901914e-07
-8.689000000000025, -4.0538785129e-07
-8.688900000000025, -3.8996657281e-07
-8.688800000000025, -3.9684127273e-07
-8.688700000000026, -3.7915981466e-07
-8.688600000000026, -3.6678625293e-07
-8.688500000000026, -3.6763788103e-07
-8.688400000000026, -3.7719874513e-07
-8.688300000000027, -3.5701307866e-07
-8.688200000000027, -3.5055310832e-07
-8.688100000000027, -3.5234322127e-07
-8.688000000000027, -3.4769323065e-07
-8.687900000000027, -3.391055543e-07
-8.687800000000028, -3.5267774479e-07
-8.687700000000028, -3.269718718e-07
-8.687600000000028, -3.1804540868e-07
-8.687500000000028, -3.1994724736e-07
-8.687400000000029, -2.9847055316e-07
-8.687300000000029, -3.1720463767e-07
-8.68720000000003, -3.0894128145e-07
-8.68710000000003, -3.0034041743e-07
-8.68700000000003, -2.8745324698e-07
-8.68690000000003, -2.9582517413e-07
-8.68680000000003, -2.9853961792e-07
-8.68670000000003, -2.5950274107e-07
-8.68660000000003, -2.7042233341e-07
-8.68650000000003, -2.7266608527e-07
-8.686400000000031, -2.8064715707e-07
-8.686300000000031, -2.9058116979e-07
-8.686200000000031, -2.5686850336e-07
-8.686100000000032, -2.6620980975e-07
-8.686000000000032, -2.7864658136e-07
-8.685900000000032, -2.8414132203e-07
-8.685800000000032, -2.8342347491e-07
-8.685700000000033, -2.3886349254e-07
-8.685600000000033, -2.3934265414e-07
-8.685500000000033, -2.5648802193e-07
-8.685400000000033, -2.5011064508e-07
-8.685300000000034, -2.4434865509e-07
-8.685200000000034, -2.4286944722e-07
-8.685100000000034, -2.4289889211e-07
-8.685000000000034, -2.512780668e-07
-8.684900000000034, -2.4793919806e-07
-8.684800000000035, -2.4330202564e-07
-8.684700000000035, -2.381014923e-07
-8.684600000000035, -2.358719513e-07
-8.684500000000035, -2.3489613454e-07
-8.684400000000036, -2.3788012982e-07
-8.684300000000036, -2.3611974598e-07
-8.684200000000036, -2.1561319841e-07
-8.684100000000036, -2.2739841654e-07
-8.684000000000037, -2.3044867703e-07
-8.683900000000037, -2.2677868117e-07
-8.683800000000037, -2.186600625e-07
-8.683700000000037, -2.1182822252e-07
-8.683600000000038, -2.045972991e-07
-8.683500000000038, -1.9737733226e-07
-8.683400000000038, -2.2128200783e-07
-8.683300000000038, -2.0612526441e-07
-8.683200000000038, -1.8155458292e-07
-8.683100000000039, -2.0218440966e-07
-8.683000000000039, -1.9664108208e-07
-8.68290000000004, -2.0458597305e-07
-8.68280000000004, -1.9659803741e-07
-8.68270000000004, -1.8297002669e-07
-8.68260000000004, -1.8839362781e-07
-8.68250000000004, -1.8545975422e-07
-8.68240000000004, -1.84263655e-07
-8.68230000000004, -1.9322827427e-07
-8.68220000000004, -1.8182936401e-07
-8.682100000000041, -1.8088040576e-07
-8.682000000000041, -1.8694616699e-07
-8.681900000000041, -1.8801246426e-07
-8.681800000000042, -1.8398120005e-07
-8.681700000000042, -1.7894801374e-07
-8.681600000000042, -1.7680746112e-07
-8.681500000000042, -1.8469678764e-07
-8.681400000000043, -1.7704910249e-07
-8.681300000000043, -1.7822789289e-07
-8.681200000000043, -1.6361391886e-07
-8.681100000000043, -1.6407989278e-07
-8.681000000000044, -1.6454369245e-07
-8.680900000000044, -1.6614581e-07
-8.680800000000044, -1.655404418e-07
-8.680700000000044, -1.58427369e-07
-8.680600000000045, -1.6220302257e-07
-8.680500000000045, -1.5666616093e-07
-8.680400000000045, -1.6991511131e-07
-8.680300000000045, -1.6096451816e-07
-8.680200000000045, -1.4889323552e-07
-8.680100000000046, -1.5198882863e-07
-8.680000000000046, -1.4823910988e-07
-8.679900000000046, -1.5259995223e-07
-8.679800000000046, -1.566125718e-07
-8.679700000000047, -1.4690844807e-07
-8.679600000000047, -1.4553791061e-07
-8.679500000000047, -1.4135738979e-07
-8.679400000000047, -1.5061019099e-07
-8.679300000000048, -1.4603556053e-07
-8.679200000000048, -1.4317778607e-07
-8.679100000000048, -1.424521372e-07
-8.679000000000048, -1.4206869992e-07
-8.678900000000048, -1.453379781e-07
-8.678800000000049, -1.5027082156e-07
-8.678700000000049, -1.3545297861e-07
-8.67860000000005, -1.3265760401e-07
-8.67850000000005, -1.3090506457e-07
-8.67840000000005, -1.3407712629e-07
-8.67830000000005, -1.4607300614e-07
-8.67820000000005, -1.4198204212e-07
-8.67810000000005, -1.4156952943e-07
-8.67800000000005, -1.3588127956e-07
-8.67790000000005, -1.3724879011e-07
-8.677800000000051, -1.3553879796e-07
-8.677700000000051, -1.2514709624e-07
-8.677600000000051, -1.3126708609e-07
-8.677500000000052, -1.2338784927e-07
-8.677400000000052, -1.2767439728e-07
-8.677300000000052, -1.3146092215e-07
-8.677200000000052, -1.2372819924e-07
-8.677100000000053, -1.221034438e-07
-8.677000000000053, -1.2291667417e-07
-8.676900000000053, -1.2376187897e-07
-8.676800000000053, -1.1975112102e-07
-8.676700000000054, -1.1224989294e-07
-8.676600000000054, -1.1463795602e-07
-8.676500000000054, -1.1467169969e-07
-8.676400000000054, -1.1323542992e-07
-8.676300000000055, -1.1533509081e-07
-8.676200000000055, -1.1137667855e-07
-8.676100000000055, -1.1301430192e-07
-8.676000000000055, -1.1048020099e-07
-8.675900000000055, -1.1531275845e-07
-8.675800000000056, -1.1565108338e-07
-8.675700000000056, -1.0754349944e-07
-8.675600000000056, -1.1125096222e-07
-8.675500000000056, -1.1001154121e-07
-8.675400000000057, -1.0291314823e-07
-8.675300000000057, -1.0284971808e-07
-8.675200000000057, -1.033790582e-07
-8.675100000000057, -1.0313636523e-07
-8.675000000000058, -1.0022375108e-07
-8.674900000000058, -1.0440798803e-07
-8.674800000000058, -1.0014664298e-07
-8.674700000000058, -9.5941821598e-08
-8.674600000000058, -1.0054002786e-07
-8.674500000000059, -9.6641308289e-08
-8.674400000000059, -9.8412130001e-08
-8.67430000000006, -1.0331061162e-07
-8.67420000000006, -9.7780947783e-08
-8.67410000000006, -9.9688811872e-08
-8.67400000000006, -1.0000864137e-07
-8.67390000000006, -9.240357457e-08
-8.67380000000006, -9.8791758774e-08
-8.67370000000006, -9.0526476981e-08
-8.67360000000006, -9.1965176807e-08
-8.673500000000061, -9.3754039199e-08
-8.673400000000061, -9.296521597e-08
-8.673300000000062, -9.3089767006e-08
-8.673200000000062, -8.9548692017e-08
-8.673100000000062, -9.0535635877e-08
-8.673000000000062, -9.2025615572e-08
-8.672900000000062, -9.3855369698e-08
-8.672800000000063, -9.4405109508e-08
-8.672700000000063, -8.6603222371e-08
-8.672600000000063, -8.8406331145e-08
-8.672500000000063, -8.6569755808e-08
-8.672400000000064, -8.3882525814e-08
-8.672300000000064, -8.3665746331e-08
-8.672200000000064, -8.3796713568e-08
-8.672100000000064, -8.754434333e-08
-8.672000000000065, -8.2277971103e-08
-8.671900000000065, -8.2129865575e-08
-8.671800000000065, -8.7561211615e-08
-8.671700000000065, -8.1157992327e-08
-8.671600000000065, -8.4507789211e-08
-8.671500000000066, -8.5132583649e-08
-8.671400000000066, -8.6225981022e-08
-8.671300000000066, -8.3100900383e-08
-8.671200000000066, -7.824360182e-08
-8.671100000000067, -7.9956031129e-08
-8.671000000000067, -7.8269920323e-08
-8.670900000000067, -7.9823230692e-08
-8.670800000000067, -8.0300644356e-08
-8.670700000000068, -7.9820381416e-08
-8.670600000000068, -7.8736810849e-08
-8.670500000000068, -7.5934458721e-08
-8.670400000000068, -7.5350563122e-08
-8.670300000000069, -7.618499609e-08
-8.670200000000069, -7.3797437494e-08
-8.670100000000069, -7.3624875085e-08
-8.67000000000007, -7.2315984312e-08
-8.66990000000007, -7.4336504952e-08
-8.66980000000007, -7.4700203356e-08
-8.66970000000007, -7.0445466349e-08
-8.66960000000007, -6.7665354209e-08
-8.66950000000007, -6.940674524e-08
-8.66940000000007, -7.0717192102e-08
-8.66930000000007, -7.221195375e-08
-8.669200000000071, -7.0590736811e-08
-8.669100000000071, -6.75768419e-08
-8.669000000000072, -6.7104011237e-08
-8.668900000000072, -6.8845380952e-08
-8.668800000000072, -6.7944760929e-08
-8.668700000000072, -6.7508857171e-08
-8.668600000000072, -6.5968535523e-08
-8.668500000000073, -6.6424576062e-08
-8.668400000000073, -6.6137111787e-08
-8.668300000000073, -6.6883508509e-08
-8.668200000000073, -6.643087147e-08
-8.668100000000074, -6.6003188692e-08
-8.668000000000074, -6.3786096405e-08
-8.667900000000074, -6.349637971e-08
-8.667800000000074, -6.2919539801e-08
-8.667700000000075, -6.3210585211e-08
-8.667600000000075, -6.415770315e-08
-8.667500000000075, -6.3142756801e-08
-8.667400000000075, -6.4360492047e-08
-8.667300000000075, -6.475749359e-08
-8.667200000000076, -6.1878807855e-08
-8.667100000000076, -6.0198019014e-08
-8.667000000000076, -5.8724296537e-08
-8.666900000000076, -5.9848822787e-08
-8.666800000000077, -5.9591066304e-08
-8.666700000000077, -5.994472474e-08
-8.666600000000077, -6.0545204406e-08
-8.666500000000077, -5.8462195085e-08
-8.666400000000078, -5.8497228395e-08
-8.666300000000078, -5.7752878035e-08
-8.666200000000078, -5.7454155211e-08
-8.666100000000078, -5.8384681978e-08
-8.666000000000079, -5.6136101989e-08
-8.665900000000079, -5.6262631887e-08
-8.665800000000079, -5.6723376218e-08
-8.66570000000008, -5.5627349838e-08
-8.66560000000008, -5.587270735e-08
-8.66550000000008, -5.7711215362e-08
-8.66540000000008, -5.5450726677e-08
-8.66530000000008, -5.3816425094e-08
-8.66520000000008, -5.2649223647e-08
-8.66510000000008, -5.2095170844e-08
-8.66500000000008, -5.0970815124e-08
-8.664900000000081, -5.2924175264e-08
-8.664800000000081, -5.2273883e-08
-8.664700000000082, -5.0975682342e-08
-8.664600000000082, -5.1942087964e-08
-8.664500000000082, -5.1476284568e-08
-8.664400000000082, -5.0809092045e-08
-8.664300000000082, -5.1212509788e-08
-8.664200000000083, -4.9886150322e-08
-8.664100000000083, -4.8970516531e-08
-8.664000000000083, -4.920847374e-08
-8.663900000000083, -5.1302219362e-08
-8.663800000000084, -5.0416161912e-08
-8.663700000000084, -5.0042505251e-08
-8.663600000000084, -4.9861974105e-08
-8.663500000000084, -4.9101043231e-08
-8.663400000000085, -4.8357051696e-08
-8.663300000000085, -4.8857309309e-08
-8.663200000000085, -4.7742528153e-08
-8.663100000000085, -4.6713971358e-08
-8.663000000000086, -4.7857955821e-08
-8.662900000000086, -4.7967098737e-08
-8.662800000000086, -4.7636387279e-08
-8.662700000000086, -4.5858620012e-08
-8.662600000000086, -4.4841346636e-08
-8.662500000000087, -4.6782570706e-08
-8.662400000000087, -4.7019018012e-08
-8.662300000000087, -4.6408864307e-08
-8.662200000000087, -4.526427233e-08
-8.662100000000088, -4.4581650371e-08
-8.662000000000088, -4.4505011232e-08
-8.661900000000088, -4.3490487656e-08
-8.661800000000088, -4.4092100637e-08
-8.661700000000089, -4.351396754e-08
-8.661600000000089, -4.3143042916e-08
-8.661500000000089, -4.4023487078e-08
-8.66140000000009, -4.2823039337e-08
-8.66130000000009, -4.306468071e-08
-8.66120000000009, -4.2210622553e-08
-8.66110000000009, -4.1719061983e-08
-8.66100000000009, -4.1470837431e-08
-8.66090000000009, -4.3006259887e-08
-8.66080000000009, -4.2538939482e-08
-8.66070000000009, -4.0929204914e-08
-8.660600000000091, -4.1704453224e-08
-8.660500000000091, -4.2946371792e-08
-8.660400000000092, -4.3486178214e-08
-8.660300000000092, -4.2540683864e-08
-8.660200000000092, -4.1087936609e-08
-8.660100000000092, -4.1069231571e-08
-8.660000000000093, -3.9839843424e-08
-8.659900000000093, -4.0812377478e-08
-8.659800000000093, -4.0404501078e-08
-8.659700000000093, -3.9359999704e-08
-8.659600000000093, -4.0485872432e-08
-8.659500000000094, -3.999044651e-08
-8.659400000000094, -3.92575501e-08
-8.659300000000094, -3.9270194208e-08
-8.659200000000094, -3.7700480959e-08
-8.659100000000095, -3.8570735938e-08
-8.659000000000095, -3.7895887317e-08
-8.658900000000095, -3.8266058766e-08
-8.658800000000095, -3.8249130085e-08
-8.658700000000096, -3.7002966025e-08
-8.658600000000096, -3.6978391904e-08
-8.658500000000096, -3.7467124514e-08
-8.658400000000096, -3.7956255028e-08
-8.658300000000096, -3.8669615066e-08
-8.658200000000097, -3.6670716241e-08
-8.658100000000097, -3.6404056658e-08
-8.658000000000097, -3.642623625e-08
-8.657900000000097, -3.5450444358e-08
-8.657800000000098, -3.6207705278e-08
-8.657700000000098, -3.5384044139e-08
-8.657600000000098, -3.5884934135e-08
-8.657500000000098, -3.555090089e-08
-8.657400000000099, -3.5334064563e-08
-8.657300000000099, -3.5678464627e-08
-8.657200000000099, -3.6278546389e-08
-8.6571000000001, -3.6304960815e-08
-8.6570000000001, -3.6250469293e-08
-8.6569000000001, -3.5569286183e-08
-8.6568000000001, -3.47826834e-08
-8.6567000000001, -3.445209984e-08
-8.6566000000001, -3.4790520687e-08
-8.6565000000001, -3.4087413781e-08
-8.656400000000101, -3.3652572284e-08
-8.656300000000101, -3.3956268908e-08
-8.656200000000101, -3.2826889651e-08
-8.656100000000102, -3.2736767963e-08
-8.656000000000102, -3.2278723694e-08
-8.655900000000102, -3.1991632454e-08
-8.655800000000102, -3.2757597523e-08
-8.655700000000103, -3.2800656413e-08
-8.655600000000103, -3.1428982084e-08
-8.655500000000103, -3.2521448645e-08
-8.655400000000103, -3.3187070869e-08
-8.655300000000103, -3.2524802407e-08
-8.655200000000104, -3.1768603748e-08
-8.655100000000104, -3.1776199449e-08
-8.655000000000104, -3.1877490869e-08
-8.654900000000104, -3.2170394348e-08
-8.654800000000105, -3.1376423237e-08
-8.654700000000105, -3.1352069385e-08
-8.654600000000105, -3.1063184025e-08
-8.654500000000105, -3.2342548195e-08
-8.654400000000106, -3.1782175114e-08
-8.654300000000106, -3.2309650067e-08
-8.654200000000106, -3.0752381974e-08
-8.654100000000106, -3.0975030541e-08
-8.654000000000106, -3.1878901297e-08
-8.653900000000107, -3.1190769079e-08
-8.653800000000107, -3.2348726364e-08
-8.653700000000107, -3.1303624581e-08
-8.653600000000107, -3.1143418511e-08
-8.653500000000108, -3.0318531685e-08
-8.653400000000108, -2.9941805479e-08
-8.653300000000108, -3.0119654326e-08
-8.653200000000108, -2.8977698463e-08
-8.653100000000109, -2.9638517418e-08
-8.653000000000109, -2.9369362053e-08
-8.652900000000109, -2.9029559201e-08
-8.65280000000011, -2.9702908577e-08
-8.65270000000011, -2.9387846823e-08
-8.65260000000011, -2.9251676636e-08
-8.65250000000011, -2.8614348224e-08
-8.65240000000011, -2.843357727e-08
-8.65230000000011, -2.8573831301e-08
-8.65220000000011, -2.7379753575e-08
-8.652100000000111, -2.799847465e-08
-8.652000000000111, -2.7678638048e-08
-8.651900000000111, -2.7957101523e-08
-8.651800000000112, -2.8239421468e-08
-8.651700000000112, -2.8056193813e-08
-8.651600000000112, -2.7626022359e-08
-8.651500000000112, -2.735085225e-08
-8.651400000000113, -2.8241029071e-08
-8.651300000000113, -2.7999362828e-08
-8.651200000000113, -2.6663689923e-08
-8.651100000000113, -2.6690690547e-08
-8.651000000000113, -2.6324380897e-08
-8.650900000000114, -2.6572772427e-08
-8.650800000000114, -2.6828525179e-08
-8.650700000000114, -2.7017359017e-08
-8.650600000000114, -2.676203259e-08
-8.650500000000115, -2.6665810893e-08
-8.650400000000115, -2.6849372503e-08
-8.650300000000115, -2.714737235e-08
-8.650200000000115, -2.575477609e-08
-8.650100000000116, -2.5960625649e-08
-8.650000000000116, -2.5881037757e-08
-8.649900000000116, -2.5907823442e-08
-8.649800000000116, -2.5901734091e-08
-8.649700000000117, -2.5721581309e-08
-8.649600000000117, -2.5954417282e-08
-8.649500000000117, -2.5728322584e-08
-8.649400000000117, -2.6211706583e-08
-8.649300000000117, -2.5751969446e-08
-8.649200000000118, -2.5017262928e-08
-8.649100000000118, -2.5248350966e-08
-8.649000000000118, -2.4824069911e-08
-8.648900000000118, -2.5129581971e-08
-8.648800000000119, -2.5602698628e-08
-8.648700000000119, -2.519263731e-08
-8.648600000000119, -2.4569958512e-08
-8.64850000000012, -2.5223771516e-08
-8.64840000000012, -2.4740513638e-08
-8.64830000000012, -2.5044357699e-08
-8.64820000000012, -2.4636907625e-08
-8.64810000000012, -2.4691152234e-08
-8.64800000000012, -2.4103112395e-08
-8.64790000000012, -2.4135159649e-08
-8.647800000000121, -2.461444204e-08
-8.647700000000121, -2.3653171866e-08
-8.647600000000121, -2.4359554374e-08
-8.647500000000122, -2.4700943513e-08
-8.647400000000122, -2.3899310975e-08
-8.647300000000122, -2.3935239568e-08
-8.647200000000122, -2.3302805019e-08
-8.647100000000123, -2.3355031686e-08
-8.647000000000123, -2.379644215e-08
-8.646900000000123, -2.3369205238e-08
-8.646800000000123, -2.352640216e-08
-8.646700000000124, -2.2975710223e-08
-8.646600000000124, -2.3114569814e-08
-8.646500000000124, -2.2734990779e-08
-8.646400000000124, -2.261278631e-08
-8.646300000000124, -2.3395946513e-08
-8.646200000000125, -2.2555518342e-08
-8.646100000000125, -2.2095337116e-08
-8.646000000000125, -2.2265611577e-08
-8.645900000000125, -2.2446887016e-08
-8.645800000000126, -2.2162193858e-08
-8.645700000000126, -2.2364291752e-08
-8.645600000000126, -2.2201188443e-08
-8.645500000000126, -2.2065666627e-08
-8.645400000000127, -2.2019291279e-08
-8.645300000000127, -2.2315152393e-08
-8.645200000000127, -2.1457731592e-08
-8.645100000000127, -2.1863364452e-08
-8.645000000000127, -2.1813562512e-08
-8.644900000000128, -2.1770166114e-08
-8.644800000000128, -2.2025350432e-08
-8.644700000000128, -2.1351546309e-08
-8.644600000000128, -2.1730789612e-08
-8.644500000000129, -2.1249608295e-08
-8.644400000000129, -2.1480508039e-08
-8.644300000000129, -2.1251608473e-08
-8.64420000000013, -2.1159310748e-08
-8.64410000000013, -2.0888993646e-08
-8.64400000000013, -2.0534288936e-08
-8.64390000000013, -2.073719152e-08
-8.64380000000013, -2.0607213713e-08
-8.64370000000013, -2.0371997422e-08
-8.64360000000013, -2.0506204734e-08
-8.643500000000131, -2.0093803954e-08
-8.643400000000131, -2.0320916505e-08
-8.643300000000131, -2.0427297187e-08
-8.643200000000132, -1.9986652333e-08
-8.643100000000132, -1.9819935915e-08
-8.643000000000132, -1.9902749671e-08
-8.642900000000132, -1.9965142428e-08
-8.642800000000133, -1.9759928804e-08
-8.642700000000133, -1.9445787203e-08
-8.642600000000133, -1.9811782437e-08
-8.642500000000133, -1.9625495895e-08
-8.642400000000134, -1.9987959732e-08
-8.642300000000134, -1.9448702204e-08
-8.642200000000134, -1.9315125499e-08
-8.642100000000134, -1.9112126992e-08
-8.642000000000134, -1.9461559475e-08
-8.641900000000135, -1.9634486037e-08
-8.641800000000135, -1.9426579456e-08
-8.641700000000135, -1.918258441e-08
-8.641600000000135, -1.9506723348e-08
-8.641500000000136, -1.9418900266e-08
-8.641400000000136, -1.9740518553e-08
-8.641300000000136, -1.941405614e-08
-8.641200000000136, -1.9076445312e-08
-8.641100000000137, -1.8616448827e-08
-8.641000000000137, -1.8590883499e-08
-8.640900000000137, -1.8888433928e-08
-8.640800000000137, -1.9244295046e-08
-8.640700000000137, -1.8731951101e-08
-8.640600000000138, -1.8737273066e-08
-8.640500000000138, -1.857861065e-08
-8.640400000000138, -1.8607483554e-08
-8.640300000000138, -1.8546575831e-08
-8.640200000000139, -1.8180479344e-08
-8.640100000000139, -1.819504547e-08
-8.64000000000014, -1.7987744627e-08
-8.63990000000014, -1.8483079955e-08
-8.63980000000014, -1.8172082505e-08
-8.63970000000014, -1.7996924839e-08
-8.63960000000014, -1.8174144856e-08
-8.63950000000014, -1.8346911546e-08
-8.63940000000014, -1.8091428799e-08
-8.63930000000014, -1.8114638678e-08
-8.639200000000141, -1.7500692451e-08
-8.639100000000141, -1.7630840787e-08
-8.639000000000141, -1.73152781e-08
-8.638900000000142, -1.748640166e-08
-8.638800000000142, -1.726895249e-08
-8.638700000000142, -1.7486541992e-08
-8.638600000000142, -1.7380573425e-08
-8.638500000000143, -1.761370072e-08
-8.638400000000143, -1.7449268697e-08
-8.638300000000143, -1.7535446872e-08
-8.638200000000143, -1.7536025965e-08
-8.638100000000144, -1.7259946361e-08
-8.638000000000144, -1.7481593062e-08
-8.637900000000144, -1.728223431e-08
-8.637800000000144, -1.7322918211e-08
-8.637700000000144, -1.7230261662e-08
-8.637600000000145, -1.7311258205e-08
-8.637500000000145, -1.7114929918e-08
-8.637400000000145, -1.7196716939e-08
-8.637300000000145, -1.7003568331e-08
-8.637200000000146, -1.6895718602e-08
-8.637100000000146, -1.7020870047e-08
-8.637000000000146, -1.6755858923e-08
-8.636900000000146, -1.6823618054e-08
-8.636800000000147, -1.6845216777e-08
-8.636700000000147, -1.6688739279e-08
-8.636600000000147, -1.6621772403e-08
-8.636500000000147, -1.6631277688e-08
-8.636400000000148, -1.6945948644e-08
-8.636300000000148, -1.6692069948e-08
-8.636200000000148, -1.6098367084e-08
-8.636100000000148, -1.6153268945e-08
-8.636000000000148, -1.6331323849e-08
-8.635900000000149, -1.6374800182e-08
-8.635800000000149, -1.6199235731e-08
-8.63570000000015, -1.5868526049e-08
-8.63560000000015, -1.5930222474e-08
-8.63550000000015, -1.590209564e-08
-8.63540000000015, -1.5752879889e-08
-8.63530000000015, -1.5903170336e-08
-8.63520000000015, -1.5692025457e-08
-8.63510000000015, -1.571469177e-08
-8.63500000000015, -1.5772453565e-08
-8.634900000000151, -1.5605037262e-08
-8.634800000000151, -1.5699253453e-08
-8.634700000000151, -1.5405023035e-08
-8.634600000000152, -1.5331579561e-08
-8.634500000000152, -1.5392267017e-08
-8.634400000000152, -1.5549545651e-08
-8.634300000000152, -1.5477269244e-08
-8.634200000000153, -1.5266405029e-08
-8.634100000000153, -1.5068781778e-08
-8.634000000000153, -1.5061685232e-08
-8.633900000000153, -1.5022610711e-08
-8.633800000000154, -1.506372449e-08
-8.633700000000154, -1.4944129489e-08
-8.633600000000154, -1.4775470625e-08
-8.633500000000154, -1.5062250114e-08
-8.633400000000155, -1.4830447093e-08
-8.633300000000155, -1.4952773242e-08
-8.633200000000155, -1.4718152919e-08
-8.633100000000155, -1.4568382056e-08
-8.633000000000155, -1.4452525399e-08
-8.632900000000156, -1.4526488457e-08
-8.632800000000156, -1.4583146246e-08
-8.632700000000156, -1.4496259304e-08
-8.632600000000156, -1.4723751107e-08
-8.632500000000157, -1.4824589556e-08
-8.632400000000157, -1.4627411282e-08
-8.632300000000157, -1.4606627019e-08
-8.632200000000157, -1.4421756234e-08
-8.632100000000158, -1.4413906513e-08
-8.632000000000158, -1.4406657201e-08
-8.631900000000158, -1.4480918686e-08
-8.631800000000158, -1.4438413132e-08
-8.631700000000158, -1.4178167973e-08
-8.631600000000159, -1.4542241189e-08
-8.631500000000159, -1.4374875512e-08
-8.63140000000016, -1.4308730201e-08
-8.63130000000016, -1.4158075601e-08
-8.63120000000016, -1.3997573767e-08
-8.63110000000016, -1.4003128435e-08
-8.63100000000016, -1.4052634612e-08
-8.63090000000016, -1.410963435e-08
-8.63080000000016, -1.406626815e-08
-8.63070000000016, -1.4036889873e-08
-8.630600000000161, -1.3907393459e-08
-8.630500000000161, -1.3851898295e-08
-8.630400000000161, -1.4150309369e-08
-8.630300000000162, -1.4163911821e-08
-8.630200000000162, -1.3812413435e-08
-8.630100000000162, -1.3764687168e-08
-8.630000000000162, -1.3596942239e-08
-8.629900000000163, -1.3727532888e-08
-8.629800000000163, -1.361569435e-08
-8.629700000000163, -1.3761844109e-08
-8.629600000000163, -1.3861333414e-08
-8.629500000000164, -1.3653328246e-08
-8.629400000000164, -1.3888246109e-08
-8.629300000000164, -1.3706309865e-08
-8.629200000000164, -1.3627107442e-08
-8.629100000000165, -1.3534839916e-08
-8.629000000000165, -1.3571137103e-08
-8.628900000000165, -1.3580335079e-08
-8.628800000000165, -1.3426767254e-08
-8.628700000000165, -1.3304105373e-08
-8.628600000000166, -1.3269950472e-08
-8.628500000000166, -1.327350585e-08
-8.628400000000166, -1.3319764847e-08
-8.628300000000166, -1.3201936433e-08
-8.628200000000167, -1.3113442776e-08
-8.628100000000167, -1.3105894148e-08
-8.628000000000167, -1.3235885277e-08
-8.627900000000167, -1.3015156064e-08
-8.627800000000168, -1.330942645e-08
-8.627700000000168, -1.2908232705e-08
-8.627600000000168, -1.2983043085e-08
-8.627500000000168, -1.2913605296e-08
-8.627400000000168, -1.2946625105e-08
-8.627300000000169, -1.2895131185e-08
-8.627200000000169, -1.2649500114e-08
-8.62710000000017, -1.2489411283e-08
-8.62700000000017, -1.2559226548e-08
-8.62690000000017, -1.2502162861e-08
-8.62680000000017, -1.2560987805e-08
-8.62670000000017, -1.2678178507e-08
-8.62660000000017, -1.2666313332e-08
-8.62650000000017, -1.2701520724e-08
-8.62640000000017, -1.2565666729e-08
-8.626300000000171, -1.2612439981e-08
-8.626200000000171, -1.2476987443e-08
-8.626100000000172, -1.2549665307e-08
-8.626000000000172, -1.2525963378e-08
-8.625900000000172, -1.2455075193e-08
-8.625800000000172, -1.2562595408e-08
-8.625700000000172, -1.2543719841e-08
-8.625600000000173, -1.2642523473e-08
-8.625500000000173, -1.251549353e-08
-8.625400000000173, -1.2589233656e-08
-8.625300000000173, -1.2496681023e-08
-8.625200000000174, -1.2127013171e-08
-8.625100000000174, -1.2074878875e-08
-8.625000000000174, -1.2144774075e-08
-8.624900000000174, -1.20074235e-08
-8.624800000000175, -1.2124730553e-08
-8.624700000000175, -1.2109194536e-08
-8.624600000000175, -1.2168717589e-08
-8.624500000000175, -1.2080734635e-08
-8.624400000000175, -1.2176756492e-08
-8.624300000000176, -1.2010585415e-08
-8.624200000000176, -1.1953814827e-08
-8.624100000000176, -1.204401201e-08
-8.624000000000176, -1.1970666236e-08
-8.623900000000177, -1.200776012e-08
-8.623800000000177, -1.2070320743e-08
-8.623700000000177, -1.1844985437e-08
-8.623600000000177, -1.1746108086e-08
-8.623500000000178, -1.1565858493e-08
-8.623400000000178, -1.1674081257e-08
-8.623300000000178, -1.1679774481e-08
-8.623200000000178, -1.1635417074e-08
-8.623100000000179, -1.1583655812e-08
-8.623000000000179, -1.1686458912e-08
-8.622900000000179, -1.1673038536e-08
-8.62280000000018, -1.1632236507e-08
-8.62270000000018, -1.1508663356e-08
-8.62260000000018, -1.1511595233e-08
-8.62250000000018, -1.1623576768e-08
-8.62240000000018, -1.1619157192e-08
-8.62230000000018, -1.1543200173e-08
-8.62220000000018, -1.1621311025e-08
-8.62210000000018, -1.1513010101e-08
-8.622000000000181, -1.1463175298e-08
-8.621900000000181, -1.157683549e-08
-8.621800000000182, -1.1484660334e-08
-8.621700000000182, -1.1392609522e-08
-8.621600000000182, -1.140256245e-08
-8.621500000000182, -1.1410072887e-08
-8.621400000000182, -1.1426582347e-08
-8.621300000000183, -1.1386013909e-08
-8.621200000000183, -1.1159781543e-08
-8.621100000000183, -1.1190858906e-08
-8.621000000000183, -1.1167935909e-08
-8.620900000000184, -1.1180884663e-08
-8.620800000000184, -1.125246385e-08
-8.620700000000184, -1.1234273956e-08
-8.620600000000184, -1.1281086287e-08
-8.620500000000185, -1.1250572918e-08
-8.620400000000185, -1.1226166663e-08
-8.620300000000185, -1.1289804647e-08
-8.620200000000185, -1.1232601516e-08
-8.620100000000186, -1.1040453884e-08
-8.620000000000186, -1.1055773186e-08
-8.619900000000186, -1.1160282476e-08
-8.619800000000186, -1.1061823457e-08
-8.619700000000186, -1.1024114954e-08
-8.619600000000187, -1.0994847699e-08
-8.619500000000187, -1.0992016186e-08
-8.619400000000187, -1.0961363373e-08
-8.619300000000187, -1.0915801596e-08
-8.619200000000188, -1.0896232361e-08
-8.619100000000188, -1.074197975e-08
-8.619000000000188, -1.0718997245e-08
-8.618900000000188, -1.0749915624e-08
-8.618800000000189, -1.074761169e-08
-8.618700000000189, -1.0698275155e-08
-8.618600000000189, -1.067473665e-08
-8.61850000000019, -1.0600183842e-08
-8.61840000000019, -1.0732349232e-08
-8.61830000000019, -1.0702899012e-08
-8.61820000000019, -1.0549099372e-08
-8.61810000000019, -1.0564644271e-08
-8.61800000000019, -1.055737453e-08
-8.61790000000019, -1.0427709363e-08
-8.61780000000019, -1.0548304452e-08
-8.617700000000191, -1.0461987721e-08
-8.617600000000191, -1.0510368575e-08
-8.617500000000192, -1.048349052e-08
-8.617400000000192, -1.0507668513e-08
-8.617300000000192, -1.0445059928e-08
-8.617200000000192, -1.0250612803e-08
-8.617100000000192, -1.0299522124e-08
-8.617000000000193, -1.0327689814e-08
-8.616900000000193, -1.0312687593e-08
-8.616800000000193, -1.035106667e-08
-8.616700000000193, -1.0211927304e-08
-8.616600000000194, -1.0226119507e-08
-8.616500000000194, -1.030486807e-08
-8.616400000000194, -1.0202119149e-08
-8.616300000000194, -1.0280847285e-08
-8.616200000000195, -1.0151446794e-08
-8.616100000000195, -1.0113837767e-08
-8.616000000000195, -1.0097084058e-08
-8.615900000000195, -1.0051166122e-08
-8.615800000000196, -1.0057902955e-08
-8.615700000000196, -1.0045195786e-08
-8.615600000000196, -1.008564432e-08
-8.615500000000196, -1.0175901899e-08
-8.615400000000196, -1.0126605332e-08
-8.615300000000197, -1.0083801349e-08
-8.615200000000197, -9.8929247017e-09
-8.615100000000197, -1.0027998876e-08
-8.615000000000197, -9.9544221754e-09
-8.614900000000198, -9.9666914721e-09
-8.614800000000198, -9.9666079834e-09
-8.614700000000198, -9.9832044853e-09
-8.614600000000198, -9.9363459682e-09
-8.614500000000199, -9.8983239383e-09
-8.614400000000199, -9.8213712718e-09
-8.614300000000199, -9.8650527747e-09
-8.6142000000002, -9.7587360415e-09
-8.6141000000002, -9.8415968708e-09
-8.6140000000002, -9.7784846886e-09
-8.6139000000002, -9.7685290967e-09
-8.6138000000002, -9.6939922756e-09
-8.6137000000002, -9.7190726578e-09
-8.6136000000002, -9.6862891041e-09
-8.6135000000002, -9.7537737886e-09
-8.613400000000201, -9.6624788171e-09
-8.613300000000201, -9.6669756644e-09
-8.613200000000202, -9.5282954859e-09
-8.613100000000202, -9.5480059414e-09
-8.613000000000202, -9.5803738276e-09
-8.612900000000202, -9.537076906e-09
-8.612800000000203, -9.5889518548e-09
-8.612700000000203, -9.6356451706e-09
-8.612600000000203, -9.5804786326e-09
-8.612500000000203, -9.5849719273e-09
-8.612400000000203, -9.5456718086e-09
-8.612300000000204, -9.6393621973e-09
-8.612200000000204, -9.4321164212e-09
-8.612100000000204, -9.5088692476e-09
-8.612000000000204, -9.4254213323e-09
-8.611900000000205, -9.5358867469e-09
-8.611800000000205, -9.4914840432e-09
-8.611700000000205, -9.4969125897e-09
-8.611600000000205, -9.5246166509e-09
-8.611500000000206, -9.5482768359e-09
-8.611400000000206, -9.4820391539e-09
-8.611300000000206, -9.5674952405e-09
-8.611200000000206, -9.3198124773e-09
-8.611100000000206, -9.2875902524e-09
-8.611000000000207, -9.4014449559e-09
-8.610900000000207, -9.3668495182e-09
-8.610800000000207, -9.3473602192e-09
-8.610700000000207, -9.2597405299e-09
-8.610600000000208, -9.2159906373e-09
-8.610500000000208, -9.3492449338e-09
-8.610400000000208, -9.2934486773e-09
-8.610300000000208, -9.16920051e-09
-8.610200000000209, -9.1281204817e-09
-8.610100000000209, -9.1359737553e-09
-8.610000000000209, -9.0812015685e-09
-8.60990000000021, -9.0845331258e-09
-8.60980000000021, -9.1122522861e-09
-8.60970000000021, -9.0361496063e-09
-8.60960000000021, -9.0327896274e-09
-8.60950000000021, -9.1200069718e-09
-8.60940000000021, -9.0820417853e-09
-8.60930000000021, -9.1050411655e-09
-8.609200000000211, -9.0437568545e-09
-8.609100000000211, -9.0730978286e-09
-8.609000000000211, -8.9915932477e-09
-8.608900000000212, -8.9301677164e-09
-8.608800000000212, -8.9625569188e-09
-8.608700000000212, -8.9236964484e-09
-8.608600000000212, -8.9175893336e-09
-8.608500000000213, -8.8563938405e-09
-8.608400000000213, -8.9736849063e-09
-8.608300000000213, -8.9227389921e-09
-8.608200000000213, -8.8174836321e-09
-8.608100000000213, -8.7932923165e-09
-8.608000000000214, -8.7265812354e-09
-8.607900000000214, -8.817841568e-09
-8.607800000000214, -8.7765767987e-09
-8.607700000000214, -8.7676150784e-09
-8.607600000000215, -8.7270182192e-09
-8.607500000000215, -8.7275910943e-09
-8.607400000000215, -8.7867713106e-09
-8.607300000000215, -8.7299962814e-09
-8.607200000000216, -8.5863112176e-09
-8.607100000000216, -8.7531706328e-09
-8.607000000000216, -8.6555296264e-09
-8.606900000000216, -8.5824227725e-09
-8.606800000000216, -8.6523321841e-09
-8.606700000000217, -8.6087732498e-09
-8.606600000000217, -8.5206135481e-09
-8.606500000000217, -8.5879694467e-09
-8.606400000000217, -8.607743851e-09
-8.606300000000218, -8.6371816366e-09
-8.606200000000218, -8.5273539341e-09
-8.606100000000218, -8.5463129906e-09
-8.606000000000218, -8.5655980087e-09
-8.605900000000219, -8.4853049032e-09
-8.605800000000219, -8.5408347061e-09
-8.605700000000219, -8.5440508002e-09
-8.60560000000022, -8.5071194533e-09
-8.60550000000022, -8.4739948392e-09
-8.60540000000022, -8.5167704e-09
-8.60530000000022, -8.4866087491e-09
-8.60520000000022, -8.3735889334e-09
-8.60510000000022, -8.3297440057e-09
-8.60500000000022, -8.3852613741e-09
-8.604900000000221, -8.3266007422e-09
-8.604800000000221, -8.3262845507e-09
-8.604700000000221, -8.2976967519e-09
-8.604600000000222, -8.297742049e-09
-8.604500000000222, -8.2670412738e-09
-8.604400000000222, -8.3711944043e-09
-8.604300000000222, -8.334340329e-09
-8.604200000000223, -8.2546796065e-09
-8.604100000000223, -8.2525373202e-09
-8.604000000000223, -8.2321038875e-09
-8.603900000000223, -8.2209163921e-09
-8.603800000000223, -8.22289703e-09
-8.603700000000224, -8.176741062e-09
-8.603600000000224, -8.2674969093e-09
-8.603500000000224, -8.2346263142e-09
-8.603400000000224, -8.2399180812e-09
-8.603300000000225, -8.2664168843e-09
-8.603200000000225, -8.1506703609e-09
-8.603100000000225, -8.185238265e-09
-8.603000000000225, -8.1319342371e-09
-8.602900000000226, -8.1264959206e-09
-8.602800000000226, -8.1614714986e-09
-8.602700000000226, -8.1099935656e-09
-8.602600000000226, -8.0433109062e-09
-8.602500000000227, -8.1221722681e-09
-8.602400000000227, -8.0896445098e-09
-8.602300000000227, -8.0256441493e-09
-8.602200000000227, -8.0464435115e-09
-8.602100000000227, -8.0342790199e-09
-8.602000000000228, -8.0228321764e-09
-8.601900000000228, -8.0000264191e-09
-8.601800000000228, -8.0264355162e-09
-8.601700000000228, -7.9865225544e-09
-8.601600000000229, -8.0081941078e-09
-8.601500000000229, -7.9426190069e-09
-8.601400000000229, -7.9489659299e-09
-8.60130000000023, -8.0243216516e-09
-8.60120000000023, -7.8594375452e-09
-8.60110000000023, -7.9523703178e-09
-8.60100000000023, -7.9253759111e-09
-8.60090000000023, -7.9268112074e-09
-8.60080000000023, -7.919740419e-09
-8.60070000000023, -7.8873876319e-09
-8.600600000000231, -7.8852187002e-09
-8.600500000000231, -7.8805939552e-09
-8.600400000000231, -7.9163955391e-09
-8.600300000000232, -7.886188591e-09
-8.600200000000232, -7.8235515844e-09
-8.600100000000232, -7.8674746717e-09
-8.600000000000232, -7.8384907454e-09
-8.599900000000233, -7.8134725356e-09
-8.599800000000233, -7.8132620374e-09
-8.599700000000233, -7.7501569606e-09
-8.599600000000233, -7.7605593063e-09
-8.599500000000234, -7.7754060968e-09
-8.599400000000234, -7.7893256289e-09
-8.599300000000234, -7.7771513673e-09
-8.599200000000234, -7.7096320439e-09
-8.599100000000234, -7.744075603e-09
-8.599000000000235, -7.6956512274e-09
-8.598900000000235, -7.671904001e-09
-8.598800000000235, -7.7167747747e-09
-8.598700000000235, -7.6286221784e-09
-8.598600000000236, -7.6365562762e-09
-8.598500000000236, -7.6679329553e-09
-8.598400000000236, -7.7046182767e-09
-8.598300000000236, -7.6217343548e-09
-8.598200000000237, -7.5788495479e-09
-8.598100000000237, -7.6405157756e-09
-8.598000000000237, -7.6365518353e-09
-8.597900000000237, -7.6390467285e-09
-8.597800000000237, -7.6136155158e-09
-8.597700000000238, -7.5679338352e-09
-8.597600000000238, -7.5653501241e-09
-8.597500000000238, -7.6028561224e-09
-8.597400000000238, -7.559340709e-09
-8.597300000000239, -7.5747905726e-09
-8.597200000000239, -7.4878805378e-09
-8.597100000000239, -7.5552222256e-09
-8.59700000000024, -7.5197741367e-09
-8.59690000000024, -7.5308657088e-09
-8.59680000000024, -7.4963972807e-09
-8.59670000000024, -7.4798673921e-09
-8.59660000000024, -7.491191667e-09
-8.59650000000024, -7.5039467973e-09
-8.59640000000024, -7.4597839017e-09
-8.596300000000241, -7.4622619195e-09
-8.596200000000241, -7.4214083767e-09
-8.596100000000241, -7.3765282771e-09
-8.596000000000242, -7.409253211e-09
-8.595900000000242, -7.4349193468e-09
-8.595800000000242, -7.4314434606e-09
-8.595700000000242, -7.4619821433e-09
-8.595600000000243, -7.4234929315e-09
-8.595500000000243, -7.3808799073e-09
-8.595400000000243, -7.3843504644e-09
-8.595300000000243, -7.4396213634e-09
-8.595200000000244, -7.3522588018e-09
-8.595100000000244, -7.3319657012e-09
-8.595000000000244, -7.3323387362e-09
-8.594900000000244, -7.3291963609e-09
-8.594800000000244, -7.2760468761e-09
-8.594700000000245, -7.3860388916e-09
-8.594600000000245, -7.3110437704e-09
-8.594500000000245, -7.331481644e-09
-8.594400000000245, -7.3374759602e-09
-8.594300000000246, -7.3329937678e-09
-8.594200000000246, -7.304844285e-09
-8.594100000000246, -7.2760317771e-09
-8.594000000000246, -7.2652555083e-09
-8.593900000000247, -7.2689498865e-09
-8.593800000000247, -7.2998687095e-09
-8.593700000000247, -7.2027424025e-09
-8.593600000000247, -7.1749890473e-09
-8.593500000000247, -7.2470980328e-09
-8.593400000000248, -7.2541621599e-09
-8.593300000000248, -7.2466748158e-09
-8.593200000000248, -7.12629733e-09
-8.593100000000248, -7.1608030616e-09
-8.593000000000249, -7.1353789544e-09
-8.592900000000249, -7.1462551432e-09
-8.59280000000025, -7.177834771e-09
-8.59270000000025, -7.1743704311e-09
-8.59260000000025, -7.1742540797e-09
-8.59250000000025, -7.1613746044e-09
-8.59240000000025, -7.1398065238e-09
-8.59230000000025, -7.1139889535e-09
-8.59220000000025, -7.0130994345e-09
-8.59210000000025, -7.019827386e-09
-8.592000000000251, -7.0562409249e-09
-8.591900000000251, -7.0328365354e-09
-8.591800000000251, -7.027886717e-09
-8.591700000000252, -7.0138290731e-09
-8.591600000000252, -6.9840959682e-09
-8.591500000000252, -7.0597616642e-09
-8.591400000000252, -7.0717058875e-09
-8.591300000000253, -7.0696426491e-09
-8.591200000000253, -7.0332006885e-09
-8.591100000000253, -6.9985319762e-09
-8.591000000000253, -6.967074917e-09
-8.590900000000254, -6.9972760919e-09
-8.590800000000254, -6.939854913e-09
-8.590700000000254, -6.9139716175e-09
-8.590600000000254, -6.9756853627e-09
-8.590500000000254, -6.9719172657e-09
-8.590400000000255, -6.9473378161e-09
-8.590300000000255, -6.9542389625e-09
-8.590200000000255, -6.8550507493e-09
-8.590100000000255, -6.8961405475e-09
-8.590000000000256, -6.8476477821e-09
-8.589900000000256, -6.894365967e-09
-8.589800000000256, -6.9289218807e-09
-8.589700000000256, -6.8829368871e-09
-8.589600000000257, -6.8591141655e-09
-8.589500000000257, -6.9235688294e-09
-8.589400000000257, -6.888019044e-09
-8.589300000000257, -6.9366015154e-09
-8.589200000000258, -6.8554273369e-09
-8.589100000000258, -6.830562338e-09
-8.589000000000258, -6.8287127064e-09
-8.588900000000258, -6.826027743e-09
-8.588800000000258, -6.8166472467e-09
-8.588700000000259, -6.72109568e-09
-8.588600000000259, -6.7628507239e-09
-8.58850000000026, -6.7521965796e-09
-8.58840000000026, -6.7638481482e-09
-8.58830000000026, -6.7090812905e-09
-8.58820000000026, -6.6905663232e-09
-8.58810000000026, -6.7263332681e-09
-8.58800000000026, -6.6704459734e-09
-8.58790000000026, -6.7242589274e-09
-8.58780000000026, -6.7148162586e-09
-8.587700000000261, -6.7022360994e-09
-8.587600000000261, -6.7211045618e-09
-8.587500000000261, -6.702343569e-09
-8.587400000000262, -6.691625476e-09
-8.587300000000262, -6.7101946222e-09
-8.587200000000262, -6.6642837915e-09
-8.587100000000262, -6.6521526065e-09
-8.587000000000263, -6.678622988e-09
-8.586900000000263, -6.6619580963e-09
-8.586800000000263, -6.6937402288e-09
-8.586700000000263, -6.6465526416e-09
-8.586600000000264, -6.6757150918e-09
-8.586500000000264, -6.6788330422e-09
-8.586400000000264, -6.6616112626e-09
-8.586300000000264, -6.6600032156e-09
-8.586200000000265, -6.5922520776e-09
-8.586100000000265, -6.5770540125e-09
-8.586000000000265, -6.60883126e-09
-8.585900000000265, -6.5668208649e-09
-8.585800000000265, -6.5614966793e-09
-8.585700000000266, -6.5475060929e-09
-8.585600000000266, -6.5906626823e-09
-8.585500000000266, -6.5389031967e-09
-8.585400000000266, -6.5631913237e-09
-8.585300000000267, -6.5740044519e-09
-8.585200000000267, -6.5614358391e-09
-8.585100000000267, -6.5456760012e-09
-8.585000000000267, -6.5461196463e-09
-8.584900000000268, -6.5082885747e-09
-8.584800000000268, -6.5220162604e-09
-8.584700000000268, -6.4527916344e-09
-8.584600000000268, -6.5022853768e-09
-8.584500000000268, -6.4952163648e-09
-8.584400000000269, -6.4466529892e-09
-8.584300000000269, -6.4894374319e-09
-8.58420000000027, -6.4401635136e-09
-8.58410000000027, -6.4680598655e-09
-8.58400000000027, -6.4388405718e-09
-8.58390000000027, -6.4815712797e-09
-8.58380000000027, -6.4225278429e-09
-8.58370000000027, -6.4651772824e-09
-8.58360000000027, -6.4547753809e-09
-8.58350000000027, -6.4425735857e-09
-8.583400000000271, -6.4446306069e-09
-8.583300000000271, -6.4760805607e-09
-8.583200000000272, -6.3959841867e-09
-8.583100000000272, -6.3709721942e-09
-8.583000000000272, -6.3370615422e-09
-8.582900000000272, -6.3827059193e-09
-8.582800000000272, -6.3793903493e-09
-8.582700000000273, -6.3458589494e-09
-8.582600000000273, -6.3662604077e-09
-8.582500000000273, -6.3469607348e-09
-8.582400000000273, -6.349794468e-09
-8.582300000000274, -6.3522676008e-09
-8.582200000000274, -6.326039248e-09
-8.582100000000274, -6.3327227906e-09
-8.582000000000274, -6.3119158789e-09
-8.581900000000275, -6.324585744e-09
-8.581800000000275, -6.315615142e-09
-8.581700000000275, -6.317855572e-09
-8.581600000000275, -6.352726345e-09
-8.581500000000275, -6.3436642606e-09
-8.581400000000276, -6.3188689836e-09
-8.581300000000276, -6.3007727924e-09
-8.581200000000276, -6.2429101888e-09
-8.581100000000276, -6.2436691373e-09
-8.581000000000277, -6.284781584e-09
-8.580900000000277, -6.2782592458e-09
-8.580800000000277, -6.2664935463e-09
-8.580700000000277, -6.2689458069e-09
-8.580600000000278, -6.2432565784e-09
-8.580500000000278, -6.2471761098e-09
-8.580400000000278, -6.2611911211e-09
-8.580300000000278, -6.2595888473e-09
-8.580200000000278, -6.2235407938e-09
-8.580100000000279, -6.2505884912e-09
-8.580000000000279, -6.2023124414e-09
-8.57990000000028, -6.1831015863e-09
-8.57980000000028, -6.1653215866e-09
-8.57970000000028, -6.1975646837e-09
-8.57960000000028, -6.215288284e-09
-8.57950000000028, -6.206297698e-09
-8.57940000000028, -6.1801115336e-09
-8.57930000000028, -6.1743534729e-09
-8.57920000000028, -6.1518199423e-09
-8.579100000000281, -6.1965037546e-09
-8.579000000000281, -6.1738107959e-09
-8.578900000000282, -6.1787130967e-09
-8.578800000000282, -6.183060286e-09
-8.578700000000282, -6.1434386467e-09
-8.578600000000282, -6.142215625e-09
-8.578500000000282, -6.1556941766e-09
-8.578400000000283, -6.1792979622e-09
-8.578300000000283, -6.1748193225e-09
-8.578200000000283, -6.1317826372e-09
-8.578100000000283, -6.0999676421e-09
-8.578000000000284, -6.1102003457e-09
-8.577900000000284, -6.1311404842e-09
-8.577800000000284, -6.1160863041e-09
-8.577700000000284, -6.1045226651e-09
-8.577600000000285, -6.0919158607e-09
-8.577500000000285, -6.1068399226e-09
-8.577400000000285, -6.1142197971e-09
-8.577300000000285, -6.107663264e-09
-8.577200000000285, -6.0692237902e-09
-8.577100000000286, -6.0488951625e-09
-8.577000000000286, -6.0939489011e-09
-8.576900000000286, -6.1005809293e-09
-8.576800000000286, -6.075818515e-09
-8.576700000000287, -6.0307394634e-09
-8.576600000000287, -6.024584831e-09
-8.576500000000287, -6.0517977296e-09
-8.576400000000287, -6.0368181565e-09
-8.576300000000288, -6.0214300213e-09
-8.576200000000288, -6.0083102937e-09
-8.576100000000288, -5.9808948905e-09
-8.576000000000288, -6.0038107819e-09
-8.575900000000289, -6.0004103908e-09
-8.575800000000289, -6.0256497569e-09
-8.575700000000289, -5.9581601874e-09
-8.57560000000029, -5.9687885745e-09
-8.57550000000029, -5.9609774894e-09
-8.57540000000029, -5.9500551153e-09
-8.57530000000029, -5.9575566702e-09
-8.57520000000029, -5.9292535326e-09
-8.57510000000029, -5.9364850813e-09
-8.57500000000029, -5.9124776186e-09
-8.57490000000029, -5.9251941131e-09
-8.574800000000291, -5.938658898e-09
-8.574700000000291, -5.9019358289e-09
-8.574600000000292, -5.8951021842e-09
-8.574500000000292, -5.8986322493e-09
-8.574400000000292, -5.8999423125e-09
-8.574300000000292, -5.8791806978e-09
-8.574200000000292, -5.8834386252e-09
-8.574100000000293, -5.8412017445e-09
-8.574000000000293, -5.871555242e-09
-8.573900000000293, -5.8842162254e-09
-8.573800000000293, -5.8774860534e-09
-8.573700000000294, -5.8880287312e-09
-8.573600000000294, -5.879490228e-09
-8.573500000000294, -5.8660698521e-09
-8.573400000000294, -5.8826516991e-09
-8.573300000000295, -5.8882658749e-09
-8.573200000000295, -5.8619935572e-09
-8.573100000000295, -5.8390297042e-09
-8.573000000000295, -5.8492162225e-09
-8.572900000000296, -5.8427356286e-09
-8.572800000000296, -5.8313465168e-09
-8.572700000000296, -5.8114908441e-09
-8.572600000000296, -5.8384626023e-09
-8.572500000000296, -5.7736233572e-09
-8.572400000000297, -5.8019002935e-09
-8.572300000000297, -5.7687232768e-09
-8.572200000000297, -5.7702336242e-09
-8.572100000000297, -5.7575908485e-09
-8.572000000000298, -5.7838684953e-09
-8.571900000000298, -5.7977875834e-09
-8.571800000000298, -5.7906270889e-09
-8.571700000000298, -5.7762878924e-09
-8.571600000000299, -5.7641234008e-09
-8.571500000000299, -5.7701443623e-09
-8.571400000000299, -5.751151555e-09
-8.5713000000003, -5.7446394308e-09
-8.5712000000003, -5.7706119883e-09
-8.5711000000003, -5.795764757e-09
-8.5710000000003, -5.75923087e-09
-8.5709000000003, -5.7760227712e-09
-8.5708000000003, -5.7227573791e-09
-8.5707000000003, -5.7511311269e-09
-8.5706000000003, -5.6977160767e-09
-8.570500000000301, -5.7096278816e-09
-8.570400000000301, -5.7052655933e-09
-8.570300000000302, -5.7363274131e-09
-8.570200000000302, -5.7183933144e-09
-8.570100000000302, -5.735401043e-09
-8.570000000000302, -5.7048614721e-09
-8.569900000000302, -5.6954991834e-09
-8.569800000000303, -5.7276436927e-09
-8.569700000000303, -5.6890168132e-09
-8.569600000000303, -5.6954956307e-09
-8.569500000000303, -5.6729474451e-09
-8.569400000000304, -5.6718389985e-09
-8.569300000000304, -5.6768767465e-09
-8.569200000000304, -5.6641775714e-09
-8.569100000000304, -5.6690869776e-09
-8.569000000000305, -5.6604956278e-09
-8.568900000000305, -5.6511764157e-09
-8.568800000000305, -5.6506364032e-09
-8.568700000000305, -5.6002318338e-09
-8.568600000000306, -5.6140847526e-09
-8.568500000000306, -5.5932063425e-09
-8.568400000000306, -5.6495754741e-09
-8.568300000000306, -5.6331468379e-09
-8.568200000000306, -5.6496656242e-09
-8.568100000000307, -5.5985855951e-09
-8.568000000000307, -5.6196025611e-09
-8.567900000000307, -5.6270264004e-09
-8.567800000000307, -5.6072204657e-09
-8.567700000000308, -5.6158970807e-09
-8.567600000000308, -5.6367421841e-09
-8.567500000000308, -5.5755302597e-09
-8.567400000000308, -5.6123452552e-09
-8.567300000000309, -5.6306270757e-09
-8.567200000000309, -5.6016054018e-09
-8.567100000000309, -5.603314257e-09
-8.56700000000031, -5.5908584429e-09
-8.56690000000031, -5.5881583805e-09
-8.56680000000031, -5.6112945401e-09
-8.56670000000031, -5.5887943162e-09
-8.56660000000031, -5.591286989e-09
-8.56650000000031, -5.5859450399e-09
-8.56640000000031, -5.590993446e-09
-8.56630000000031, -5.572415418e-09
-8.566200000000311, -5.5667590537e-09
-8.566100000000311, -5.5756101958e-09
-8.566000000000312, -5.5463451609e-09
-8.565900000000312, -5.5576676594e-09
-8.565800000000312, -5.5463491577e-09
-8.565700000000312, -5.5355866557e-09
-8.565600000000313, -5.5548921019e-09
-8.565500000000313, -5.5546527378e-09
-8.565400000000313, -5.5279345546e-09
-8.565300000000313, -5.5273474686e-09
-8.565200000000313, -5.4741500222e-09
-8.565100000000314, -5.5056594839e-09
-8.565000000000314, -5.5116591291e-09
-8.564900000000314, -5.4856350573e-09
-8.564800000000314, -5.4951749817e-09
-8.564700000000315, -5.4588404907e-09
-8.564600000000315, -5.4671835947e-09
-8.564500000000315, -5.4473270339e-09
-8.564400000000315, -5.4337343514e-09
-8.564300000000316, -5.4551128059e-09
-8.564200000000316, -5.4579452069e-09
-8.564100000000316, -5.449557694e-09
-8.564000000000316, -5.4646100978e-09
-8.563900000000316, -5.4721369658e-09
-8.563800000000317, -5.4620197254e-09
-8.563700000000317, -5.4394306837e-09
-8.563600000000317, -5.4304929442e-09
-8.563500000000317, -5.418216098e-09
-8.563400000000318, -5.3967927904e-09
-8.563300000000318, -5.4381259496e-09
-8.563200000000318, -5.4292961238e-09
-8.563100000000318, -5.4183071363e-09
-8.563000000000319, -5.4267927929e-09
-8.562900000000319, -5.4364566182e-09
-8.562800000000319, -5.4138489247e-09
-8.56270000000032, -5.4044564379e-09
-8.56260000000032, -5.4047641918e-09
-8.56250000000032, -5.3979696268e-09
-8.56240000000032, -5.426041394e-09
-8.56230000000032, -5.4100426361e-09
-8.56220000000032, -5.4024651419e-09
-8.56210000000032, -5.4187352383e-09
-8.562000000000321, -5.4089355217e-09
-8.561900000000321, -5.3843076664e-09
-8.561800000000321, -5.3826845203e-09
-8.561700000000322, -5.3789266374e-09
-8.561600000000322, -5.3921600518e-09
-8.561500000000322, -5.3783955067e-09
-8.561400000000322, -5.3905799824e-09
-8.561300000000323, -5.3817164059e-09
-8.561200000000323, -5.3390096788e-09
-8.561100000000323, -5.3565494262e-09
-8.561000000000323, -5.3658593124e-09
-8.560900000000323, -5.387327473e-09
-8.560800000000324, -5.3750817131e-09
-8.560700000000324, -5.3382147591e-09
-8.560600000000324, -5.3129380895e-09
-8.560500000000324, -5.3189550542e-09
-8.560400000000325, -5.3268904843e-09
-8.560300000000325, -5.3174122883e-09
-8.560200000000325, -5.3245887699e-09
-8.560100000000325, -5.3404751732e-09
-8.560000000000326, -5.3323310212e-09
-8.559900000000326, -5.3212660944e-09
-8.559800000000326, -5.3230939656e-09
-8.559700000000326, -5.2943542883e-09
-8.559600000000327, -5.2955497765e-09
-8.559500000000327, -5.2741540024e-09
-8.559400000000327, -5.3169117997e-09
-8.559300000000327, -5.3092117369e-09
-8.559200000000327, -5.3151287815e-09
-8.559100000000328, -5.3080926321e-09
-8.559000000000328, -5.2915498649e-09
-8.558900000000328, -5.2983479826e-09
-8.558800000000328, -5.3150537305e-09
-8.558700000000329, -5.2677147089e-09
-8.558600000000329, -5.2921960148e-09
-8.558500000000329, -5.290524463e-09
-8.55840000000033, -5.2936801609e-09
-8.55830000000033, -5.30805222e-09
-8.55820000000033, -5.2820876562e-09
-8.55810000000033, -5.2843902587e-09
-8.55800000000033, -5.2891722113e-09
-8.55790000000033, -5.2942397133e-09
-8.55780000000033, -5.2958792907e-09
-8.557700000000331, -5.2528981165e-09
-8.557600000000331, -5.2465334299e-09
-8.557500000000331, -5.2535797934e-09
-8.557400000000332, -5.2533120076e-09
-8.557300000000332, -5.2613375878e-09
-8.557200000000332, -5.2255302307e-09
-8.557100000000332, -5.2433648534e-09
-8.557000000000333, -5.2338013923e-09
-8.556900000000333, -5.2541988538e-09
-8.556800000000333, -5.2472421963e-09
-8.556700000000333, -5.2221156288e-09
-8.556600000000333, -5.2080704194e-09
-8.556500000000334, -5.2356674551e-09
-8.556400000000334, -5.2455919608e-09
-8.556300000000334, -5.2071693624e-09
-8.556200000000334, -5.2246074134e-09
-8.556100000000335, -5.2366408987e-09
-8.556000000000335, -5.2250221927e-09
-8.555900000000335, -5.2405528805e-09
-8.555800000000335, -5.2194737421e-09
-8.555700000000336, -5.1802504508e-09
-8.555600000000336, -5.1775073118e-09
-8.555500000000336, -5.2027266939e-09
-8.555400000000336, -5.19602672e-09
-8.555300000000337, -5.1988711114e-09
-8.555200000000337, -5.1829900372e-09
-8.555100000000337, -5.1890136632e-09
-8.555000000000337, -5.1701860571e-09
-8.554900000000337, -5.1886650532e-09
-8.554800000000338, -5.1899453624e-09
-8.554700000000338, -5.1485717911e-09
-8.554600000000338, -5.1650141941e-09
-8.554500000000338, -5.1685042912e-09
-8.554400000000339, -5.1600097528e-09
-8.554300000000339, -5.1705737469e-09
-8.554200000000339, -5.1513198152e-09
-8.55410000000034, -5.158442562e-09
-8.55400000000034, -5.1682449431e-09
-8.55390000000034, -5.1392863298e-09
-8.55380000000034, -5.1640816068e-09
-8.55370000000034, -5.0954427344e-09
-8.55360000000034, -5.1330912854e-09
-8.55350000000034, -5.0973261168e-09
-8.553400000000341, -5.1096105125e-09
-8.553300000000341, -5.1066004758e-09
-8.553200000000341, -5.1185127248e-09
-8.553100000000342, -5.120903257e-09
-8.553000000000342, -5.0960289322e-09
-8.552900000000342, -5.1151327618e-09
-8.552800000000342, -5.1284483327e-09
-8.552700000000343, -5.0734758616e-09
-8.552600000000343, -5.0942077223e-09
-8.552500000000343, -5.101892242e-09
-8.552400000000343, -5.0759392245e-09
-8.552300000000344, -5.0959716447e-09
-8.552200000000344, -5.0568336185e-09
-8.552100000000344, -5.0569748389e-09
-8.552000000000344, -5.0576738353e-09
-8.551900000000344, -5.063964803e-09
-8.551800000000345, -5.0650275085e-09
-8.551700000000345, -5.0720934119e-09
-8.551600000000345, -5.0546660191e-09
-8.551500000000345, -5.0740656121e-09
-8.551400000000346, -5.0610879931e-09
-8.551300000000346, -5.0601793866e-09
-8.551200000000346, -5.0476525182e-09
-8.551100000000346, -5.0585109435e-09
-8.551000000000347, -5.0803343754e-09
-8.550900000000347, -5.0735446955e-09
-8.550800000000347, -5.0777297922e-09
-8.550700000000347, -5.0619348713e-09
-8.550600000000347, -5.0575792443e-09
-8.550500000000348, -5.0596904444e-09
-8.550400000000348, -5.0687445352e-09
-8.550300000000348, -5.0615232006e-09
-8.550200000000348, -5.0703907739e-09
-8.550100000000349, -5.0369632909e-09
