#Voltage(V),Current(A)
-8.7, -5.3195948567e-05
-8.6999, -4.9385442253e-05
-8.6998, -4.7889112466e-05
-8.6997, -4.6657809435e-05
-8.6996, -4.6136101446e-05
-8.6995, -4.5545071771e-05
-8.6994, -4.5099695853e-05
-8.699300000000001, -4.4794018322e-05
-8.699200000000001, -4.457027535e-05
-8.699100000000001, -4.405456275e-05
-8.699000000000002, -4.3484225898e-05
-8.698900000000002, -4.3144063966e-05
-8.698800000000002, -4.2987034249e-05
-8.698700000000002, -4.2571169615e-05
-8.698600000000003, -4.2350926378e-05
-8.698500000000003, -4.2153540562e-05
-8.698400000000003, -4.2061215936e-05
-8.698300000000003, -4.1644951125e-05
-8.698200000000003, -4.1183786379e-05
-8.698100000000004, -4.108488065e-05
-8.698000000000004, -4.0815695684e-05
-8.697900000000004, -4.052307122e-05
-8.697800000000004, -4.0420196456e-05
-8.697700000000005, -4.0357590478e-05
-8.697600000000005, -4.0137569158e-05
-8.697500000000005, -3.9634400309e-05
-8.697400000000005, -3.9718750486e-05
-8.697300000000006, -3.9660015318e-05
-8.697200000000006, -3.9476159145e-05
-8.697100000000006, -3.8998932723e-05
-8.697000000000006, -3.9089831262e-05
-8.696900000000007, -3.8962487451e-05
-8.696800000000007, -3.8627294998e-05
-8.696700000000007, -3.8277095882e-05
-8.696600000000007, -3.8378177123e-05
-8.696500000000007, -3.8140613469e-05
-8.696400000000008, -3.7802226871e-05
-8.696300000000008, -3.7667858123e-05
-8.696200000000008, -3.7574925955e-05
-8.696100000000008, -3.7236637581e-05
-8.696000000000009, -3.6803136027e-05
-8.695900000000009, -3.7484442146e-05
-8.695800000000009, -3.7959005567e-05
-8.69570000000001, -3.7110290577e-05
-8.69560000000001, -3.6770845327e-05
-8.69550000000001, -3.6752880987e-05
-8.69540000000001, -3.6667464883e-05
-8.69530000000001, -3.6356115743e-05
-8.69520000000001, -3.6295034079e-05
-8.69510000000001, -3.6522545997e-05
-8.695000000000011, -3.6295656173e-05
-8.694900000000011, -3.6178869777e-05
-8.694800000000011, -3.6022120184e-05
-8.694700000000012, -3.6110344809e-05
-8.694600000000012, -3.5589899198e-05
-8.694500000000012, -3.5452954762e-05
-8.694400000000012, -3.5527340515e-05
-8.694300000000013, -3.5572789784e-05
-8.694200000000013, -3.5181041312e-05
-8.694100000000013, -3.51320341e-05
-8.694000000000013, -3.4968808905e-05
-8.693900000000014, -3.4684424463e-05
-8.693800000000014, -3.4430067899e-05
-8.693700000000014, -3.383587682e-05
-8.693600000000014, -3.4086766391e-05
-8.693500000000014, -3.4014290577e-05
-8.693400000000015, -3.3860487747e-05
-8.693300000000015, -3.3919543057e-05
-8.693200000000015, -3.4075990698e-05
-8.693100000000015, -3.397254477e-05
-8.693000000000016, -3.3754939068e-05
-8.692900000000016, -3.3754749893e-05
-8.692800000000016, -3.3795677155e-05
-8.692700000000016, -3.3508404158e-05
-8.692600000000017, -3.3329837606e-05
-8.692500000000017, -3.3368771255e-05
-8.692400000000017, -3.3302403608e-05
-8.692300000000017, -3.3193366107e-05
-8.692200000000017, -3.2868782e-05
-8.692100000000018, -3.3095438994e-05
-8.692000000000018, -3.2864754758e-05
-8.691900000000018, -3.2713855035e-05
-8.691800000000018, -3.2595857192e-05
-8.691700000000019, -3.2672942325e-05
-8.691600000000019, -3.2561034459e-05
-8.691500000000019, -3.2334650314e-05
-8.69140000000002, -3.2366046071e-05
-8.69130000000002, -3.2429186831e-05
-8.69120000000002, -3.2217601984e-05
-8.69110000000002, -3.2134106732e-05
-8.69100000000002, -3.2170704799e-05
-8.69090000000002, -3.2241754525e-05
-8.69080000000002, -3.2073530747e-05
-8.690700000000021, -3.1886822399e-05
-8.690600000000021, -3.2057527278e-05
-8.690500000000021, -3.1862989999e-05
-8.690400000000022, -3.1651579775e-05
-8.690300000000022, -3.171825665e-05
-8.690200000000022, -3.1711493648e-05
-8.690100000000022, -3.1471732655e-05
-8.690000000000023, -3.1240317185e-05
-8.689900000000023, -3.1244198908e-05
-8.689800000000023, -3.1378651329e-05
-8.689700000000023, -3.1162031519e-05
-8.689600000000024, -3.0939245335e-05
-8.689500000000024, -3.1006788049e-05
-8.689400000000024, -3.0800973036e-05
-8.689300000000024, -3.0637344025e-05
-8.689200000000024, -3.0376488212e-05
-8.689100000000025, -3.0644416256e-05
-8.689000000000025, -3.050061423e-05
-8.688900000000025, -3.0308061469e-05
-8.688800000000025, -3.0162802432e-05
-8.688700000000026, -3.012930938e-05
-8.688600000000026, -3.0023256841e-05
-8.688500000000026, -2.990547182e-05
-8.688400000000026, -3.0027898902e-05
-8.688300000000027, -3.0113702451e-05
-8.688200000000027, -2.981657417e-05
-8.688100000000027, -2.9821518183e-05
-8.688000000000027, -3.0279001294e-05
-8.687900000000027, -3.0216509913e-05
-8.687800000000028, -3.0061422876e-05
-8.687700000000028, -3.0025152228e-05
-8.687600000000028, -3.0073852031e-05
-8.687500000000028, -2.994721217e-05
-8.687400000000029, -2.9705472116e-05
-8.687300000000029, -2.9896586057e-05
-8.68720000000003, -2.9877624911e-05
-8.68710000000003, -2.9498516597e-05
-8.68700000000003, -2.9392165743e-05
-8.68690000000003, -2.9549044484e-05
-8.68680000000003, -2.9380509659e-05
-8.68670000000003, -2.9093376725e-05
-8.68660000000003, -2.8937191018e-05
-8.68650000000003, -2.9066688512e-05
-8.686400000000031, -2.8853140975e-05
-8.686300000000031, -2.8707614547e-05
-8.686200000000031, -2.8790571378e-05
-8.686100000000032, -2.877750012e-05
-8.686000000000032, -2.8577342164e-05
-8.685900000000032, -2.8438626032e-05
-8.685800000000032, -2.8671222026e-05
-8.685700000000033, -2.8595273761e-05
-8.685600000000033, -2.842050344e-05
-8.685500000000033, -2.8201835448e-05
-8.685400000000033, -2.8568189009e-05
-8.685300000000034, -2.8439160815e-05
-8.685200000000034, -2.818336543e-05
-8.685100000000034, -2.8281563573e-05
-8.685000000000034, -2.8394935725e-05
-8.684900000000034, -2.8204276532e-05
-8.684800000000035, -2.8045566069e-05
-8.684700000000035, -2.8053531423e-05
-8.684600000000035, -2.794827742e-05
-8.684500000000035, -2.7896463507e-05
-8.684400000000036, -2.7860492992e-05
-8.684300000000036, -2.8105652746e-05
-8.684200000000036, -2.7986698115e-05
-8.684100000000036, -2.7967733331e-05
-8.684000000000037, -2.8050733818e-05
-8.683900000000037, -2.8067675885e-05
-8.683800000000037, -2.7985226552e-05
-8.683700000000037, -2.7646867238e-05
-8.683600000000038, -2.7724385291e-05
-8.683500000000038, -2.7555515771e-05
-8.683400000000038, -2.7223664802e-05
-8.683300000000038, -2.7102745662e-05
-8.683200000000038, -2.7213320209e-05
-8.683100000000039, -2.6770816476e-05
-8.683000000000039, -2.6580015401e-05
-8.68290000000004, -2.6496925784e-05
-8.68280000000004, -2.6593939765e-05
-8.68270000000004, -2.6402016374e-05
-8.68260000000004, -2.628123184e-05
-8.68250000000004, -2.6377667382e-05
-8.68240000000004, -2.6317431548e-05
-8.68230000000004, -2.6309253371e-05
-8.68220000000004, -2.6272138712e-05
-8.682100000000041, -2.6417381378e-05
-8.682000000000041, -2.6361862183e-05
-8.681900000000041, -2.6219708161e-05
-8.681800000000042, -2.6214514946e-05
-8.681700000000042, -2.6102894481e-05
-8.681600000000042, -2.6077188522e-05
-8.681500000000042, -2.5979077691e-05
-8.681400000000043, -2.6082469049e-05
-8.681300000000043, -2.5987685149e-05
-8.681200000000043, -2.5916384402e-05
-8.681100000000043, -2.5786855986e-05
-8.681000000000044, -2.5933495635e-05
-8.680900000000044, -2.5939740226e-05
-8.680800000000044, -2.5833616746e-05
-8.680700000000044, -2.5706849556e-05
-8.680600000000045, -2.6124005672e-05
-8.680500000000045, -2.5955370802e-05
-8.680400000000045, -2.5935840313e-05
-8.680300000000045, -2.5953571821e-05
-8.680200000000045, -2.6107192753e-05
-8.680100000000046, -2.59393546e-05
-8.680000000000046, -2.5782306693e-05
-8.679900000000046, -2.5909163014e-05
-8.679800000000046, -2.5906068913e-05
-8.679700000000047, -2.5540533898e-05
-8.679600000000047, -2.5283787181e-05
-8.679500000000047, -2.5330222343e-05
-8.679400000000047, -2.515722008e-05
-8.679300000000048, -2.4829287213e-05
-8.679200000000048, -2.4697037588e-05
-8.679100000000048, -2.4839289836e-05
-8.679000000000048, -2.4825221772e-05
-8.678900000000048, -2.4782073524e-05
-8.678800000000049, -2.4828728783e-05
-8.678700000000049, -2.4690720238e-05
-8.67860000000005, -2.458112067e-05
-8.67850000000005, -2.4681019568e-05
-8.67840000000005, -2.4912907975e-05
-8.67830000000005, -2.4865279556e-05
-8.67820000000005, -2.4767194191e-05
-8.67810000000005, -2.4741175366e-05
-8.67800000000005, -2.4858143661e-05
-8.67790000000005, -2.4811837648e-05
-8.677800000000051, -2.4729944926e-05
-8.677700000000051, -2.4779546948e-05
-8.677600000000051, -2.4911059882e-05
-8.677500000000052, -2.4744584152e-05
-8.677400000000052, -2.462186967e-05
-8.677300000000052, -2.4732293241e-05
-8.677200000000052, -2.4780540116e-05
-8.677100000000053, -2.469883475e-05
-8.677000000000053, -2.4831699193e-05
-8.676900000000053, -2.5090581403e-05
-8.676800000000053, -2.5022362024e-05
-8.676700000000054, -2.4501967346e-05
-8.676600000000054, -2.4377777663e-05
-8.676500000000054, -2.4314202165e-05
-8.676400000000054, -2.4316706913e-05
-8.676300000000055, -2.4359218514e-05
-8.676200000000055, -2.4286377084e-05
-8.676100000000055, -2.4302102247e-05
-8.676000000000055, -2.4144068448e-05
-8.675900000000055, -2.4058686904e-05
-8.675800000000056, -2.4090095394e-05
-8.675700000000056, -2.4113127438e-05
-8.675600000000056, -2.4111208404e-05
-8.675500000000056, -2.4039685741e-05
-8.675400000000057, -2.4178787498e-05
-8.675300000000057, -2.4094737455e-05
-8.675200000000057, -2.3905764465e-05
-8.675100000000057, -2.3801276257e-05
-8.675000000000058, -2.3861091904e-05
-8.674900000000058, -2.3737999072e-05
-8.674800000000058, -2.3527984013e-05
-8.674700000000058, -2.3481270546e-05
-8.674600000000058, -2.3596438041e-05
-8.674500000000059, -2.3364467779e-05
-8.674400000000059, -2.3274058549e-05
-8.67430000000006, -2.3408128982e-05
-8.67420000000006, -2.3264954507e-05
-8.67410000000006, -2.3180373319e-05
-8.67400000000006, -2.3179192794e-05
-8.67390000000006, -2.3238801077e-05
-8.67380000000006, -2.3149670596e-05
-8.67370000000006, -2.2927984901e-05
-8.67360000000006, -2.2934260414e-05
-8.673500000000061, -2.312441211e-05
-8.673400000000061, -2.2927904865e-05
-8.673300000000062, -2.2826392524e-05
-8.673200000000062, -2.3041451641e-05
-8.673100000000062, -2.3033258913e-05
-8.673000000000062, -2.2899912437e-05
-8.672900000000062, -2.2840442398e-05
-8.672800000000063, -2.3084061468e-05
-8.672700000000063, -2.3052094548e-05
-8.672600000000063, -2.2892085326e-05
-8.672500000000063, -2.2866723157e-05
-8.672400000000064, -2.3002436137e-05
-8.672300000000064, -2.2987294869e-05
-8.672200000000064, -2.2908145183e-05
-8.672100000000064, -2.2936730602e-05
-8.672000000000065, -2.2907572202e-05
-8.671900000000065, -2.2868529413e-05
-8.671800000000065, -2.2873155103e-05
-8.671700000000065, -2.2717505999e-05
-8.671600000000065, -2.2741764042e-05
-8.671500000000066, -2.2641606847e-05
-8.671400000000066, -2.2438905944e-05
-8.671300000000066, -2.2319634809e-05
-8.671200000000066, -2.2272035494e-05
-8.671100000000067, -2.2385591365e-05
-8.671000000000067, -2.2469743271e-05
-8.670900000000067, -2.2635545974e-05
-8.670800000000067, -2.2664189601e-05
-8.670700000000068, -2.2737478503e-05
-8.670600000000068, -2.276703708e-05
-8.670500000000068, -2.2837381039e-05
-8.670400000000068, -2.2716398234e-05
-8.670300000000069, -2.257738015e-05
-8.670200000000069, -2.252548984e-05
-8.670100000000069, -2.2441212423e-05
-8.67000000000007, -2.2291902496e-05
-8.66990000000007, -2.2151312805e-05
-8.66980000000007, -2.2279775294e-05
-8.66970000000007, -2.2253731004e-05
-8.66960000000007, -2.2133206585e-05
-8.66950000000007, -2.2219832317e-05
-8.66940000000007, -2.2294749215e-05
-8.66930000000007, -2.2173946491e-05
-8.669200000000071, -2.2041176635e-05
-8.669100000000071, -2.1936395569e-05
-8.669000000000072, -2.1910133e-05
-8.668900000000072, -2.1818377718e-05
-8.668800000000072, -2.1691572329e-05
-8.668700000000072, -2.1777108486e-05
-8.668600000000072, -2.1778441806e-05
-8.668500000000073, -2.1696623662e-05
-8.668400000000073, -2.1756812203e-05
-8.668300000000073, -2.1832818675e-05
-8.668200000000073, -2.1570422177e-05
-8.668100000000074, -2.1542959075e-05
-8.668000000000074, -2.16127155e-05
-8.667900000000074, -2.1729470973e-05
-8.667800000000074, -2.1568213924e-05
-8.667700000000075, -2.1534648113e-05
-8.667600000000075, -2.1728768843e-05
-8.667500000000075, -2.1608748284e-05
-8.667400000000075, -2.1551397367e-05
-8.667300000000075, -2.1429206754e-05
-8.667200000000076, -2.1463325538e-05
-8.667100000000076, -2.1348472728e-05
-8.667000000000076, -2.1234147425e-05
-8.666900000000076, -2.1309280783e-05
-8.666800000000077, -2.1365125576e-05
-8.666700000000077, -2.1290466975e-05
-8.666600000000077, -2.1208794351e-05
-8.666500000000077, -2.1380137696e-05
-8.666400000000078, -2.144534119e-05
-8.666300000000078, -2.1372705305e-05
-8.666200000000078, -2.1383815692e-05
-8.666100000000078, -2.1627494789e-05
-8.666000000000079, -2.1635849407e-05
-8.665900000000079, -2.1530271624e-05
-8.665800000000079, -2.1339255909e-05
-8.66570000000008, -2.116675023e-05
-8.66560000000008, -2.1202849894e-05
-8.66550000000008, -2.1131714675e-05
-8.66540000000008, -2.1247285986e-05
-8.66530000000008, -2.1270852812e-05
-8.66520000000008, -2.1031652068e-05
-8.66510000000008, -2.0978834073e-05
-8.66500000000008, -2.115659845e-05
-8.664900000000081, -2.1241701688e-05
-8.664800000000081, -2.1153175112e-05
-8.664700000000082, -2.1004458176e-05
-8.664600000000082, -2.1096835553e-05
-8.664500000000082, -2.1152058252e-05
-8.664400000000082, -2.0979130568e-05
-8.664300000000082, -2.0832681912e-05
-8.664200000000083, -2.0938028683e-05
-8.664100000000083, -2.0795583623e-05
-8.664000000000083, -2.0562622012e-05
-8.663900000000083, -2.0524717911e-05
-8.663800000000084, -2.0650901206e-05
-8.663700000000084, -2.0461775421e-05
-8.663600000000084, -2.0496554498e-05
-8.663500000000084, -2.0605051759e-05
-8.663400000000085, -2.062378735e-05
-8.663300000000085, -2.0468538423e-05
-8.663200000000085, -2.0331397536e-05
-8.663100000000085, -2.0538149329e-05
-8.663000000000086, -2.0399231289e-05
-8.662900000000086, -2.0050772946e-05
-8.662800000000086, -1.9948847694e-05
-8.662700000000086, -2.0061177565e-05
-8.662600000000086, -2.006968316e-05
-8.662500000000087, -1.9989245629e-05
-8.662400000000087, -2.0134402803e-05
-8.662300000000087, -2.0098779714e-05
-8.662200000000087, -1.9880519176e-05
-8.662100000000088, -1.9751230866e-05
-8.662000000000088, -1.9937520847e-05
-8.661900000000088, -1.9788289137e-05
-8.661800000000088, -1.9661561964e-05
-8.661700000000089, -1.9579447326e-05
-8.661600000000089, -1.9881605112e-05
-8.661500000000089, -1.9872946723e-05
-8.66140000000009, -2.0024410333e-05
-8.66130000000009, -2.0133937142e-05
-8.66120000000009, -2.0031249733e-05
-8.66110000000009, -1.9758259441e-05
-8.66100000000009, -1.962278111e-05
-8.66090000000009, -1.9837394575e-05
-8.66080000000009, -1.9889825126e-05
-8.66070000000009, -1.9810691811e-05
-8.660600000000091, -1.9779577997e-05
-8.660500000000091, -1.9948236513e-05
-8.660400000000092, -1.9862649424e-05
-8.660300000000092, -1.9908848117e-05
-8.660200000000092, -1.9853539925e-05
-8.660100000000092, -1.9938332116e-05
-8.660000000000093, -1.9907629394e-05
-8.659900000000093, -1.9839224478e-05
-8.659800000000093, -1.9873339625e-05
-8.659700000000093, -1.9903465727e-05
-8.659600000000093, -1.9895493097e-05
-8.659500000000094, -1.9794282707e-05
-8.659400000000094, -1.982431786e-05
-8.659300000000094, -1.9705061277e-05
-8.659200000000094, -1.9629642338e-05
-8.659100000000095, -1.9595947379e-05
-8.659000000000095, -1.9640434402e-05
-8.658900000000095, -1.9551363948e-05
-8.658800000000095, -1.9438479285e-05
-8.658700000000096, -1.9532282749e-05
-8.658600000000096, -1.9531469661e-05
-8.658500000000096, -1.9497534595e-05
-8.658400000000096, -1.94838467e-05
-8.658300000000096, -1.9596162019e-05
-8.658200000000097, -1.9446279111e-05
-8.658100000000097, -1.9421269826e-05
-8.658000000000097, -1.9435039576e-05
-8.657900000000097, -1.9502629584e-05
-8.657800000000098, -1.9469229301e-05
-8.657700000000098, -1.9310335119e-05
-8.657600000000098, -1.9381639504e-05
-8.657500000000098, -1.9523971787e-05
-8.657400000000099, -1.9364304535e-05
-8.657300000000099, -1.9244527721e-05
-8.657200000000099, -1.9353361495e-05
-8.6571000000001, -1.9326100301e-05
-8.6570000000001, -1.9184342818e-05
-8.6569000000001, -1.9107486878e-05
-8.6568000000001, -1.9326467736e-05
-8.6567000000001, -1.9184251869e-05
-8.6566000000001, -1.9070172129e-05
-8.6565000000001, -1.9001461624e-05
-8.656400000000101, -1.9096878532e-05
-8.656300000000101, -1.8930140868e-05
-8.656200000000101, -1.8749184164e-05
-8.656100000000102, -1.8710665245e-05
-8.656000000000102, -1.8550112145e-05
-8.655900000000102, -1.8282438759e-05
-8.655800000000102, -1.8098920918e-05
-8.655700000000103, -1.8104743503e-05
-8.655600000000103, -1.8156171791e-05
-8.655500000000103, -1.8228251065e-05
-8.655400000000103, -1.831749978e-05
-8.655300000000103, -1.8452667064e-05
-8.655200000000104, -1.8385420844e-05
-8.655100000000104, -1.8514130716e-05
-8.655000000000104, -1.8748052753e-05
-8.654900000000104, -1.8961660317e-05
-8.654800000000105, -1.8819893739e-05
-8.654700000000105, -1.8853221263e-05
-8.654600000000105, -1.9002911358e-05
-8.654500000000105, -1.8970988094e-05
-8.654400000000106, -1.8930832084e-05
-8.654300000000106, -1.900366442e-05
-8.654200000000106, -1.9240855181e-05
-8.654100000000106, -1.91148265e-05
-8.654000000000106, -1.9000599423e-05
-8.653900000000107, -1.8988475858e-05
-8.653800000000107, -1.9090250134e-05
-8.653700000000107, -1.8858889234e-05
-8.653600000000107, -1.8682578229e-05
-8.653500000000108, -1.8861652279e-05
-8.653400000000108, -1.8797605662e-05
-8.653300000000108, -1.8636112145e-05
-8.653200000000108, -1.8500768419e-05
-8.653100000000109, -1.8679507775e-05
-8.653000000000109, -1.8585094949e-05
-8.652900000000109, -1.8402752175e-05
-8.65280000000011, -1.8440021449e-05
-8.65270000000011, -1.8539418306e-05
-8.65260000000011, -1.8347685909e-05
-8.65250000000011, -1.825585241e-05
-8.65240000000011, -1.8285678379e-05
-8.65230000000011, -1.825059735e-05
-8.65220000000011, -1.8199363694e-05
-8.652100000000111, -1.8160881154e-05
-8.652000000000111, -1.8231357899e-05
-8.651900000000111, -1.823936509e-05
-8.651800000000112, -1.8235201424e-05
-8.651700000000112, -1.8175924197e-05
-8.651600000000112, -1.8332068066e-05
-8.651500000000112, -1.8201864805e-05
-8.651400000000113, -1.8176739104e-05
-8.651300000000113, -1.8126298528e-05
-8.651200000000113, -1.8181899577e-05
-8.651100000000113, -1.7993243091e-05
-8.651000000000113, -1.7944232241e-05
-8.650900000000114, -1.7910560928e-05
-8.650800000000114, -1.8002061552e-05
-8.650700000000114, -1.7893396944e-05
-8.650600000000114, -1.7837715859e-05
-8.650500000000115, -1.7974351067e-05
-8.650400000000115, -1.7895241399e-05
-8.650300000000115, -1.7894568373e-05
-8.650200000000115, -1.7828964701e-05
-8.650100000000116, -1.7913469492e-05
-8.650000000000116, -1.7814380044e-05
-8.649900000000116, -1.7835429389e-05
-8.649800000000116, -1.7859603759e-05
-8.649700000000117, -1.7940352336e-05
-8.649600000000117, -1.7769014448e-05
-8.649500000000117, -1.778072874e-05
-8.649400000000117, -1.801698636e-05
-8.649300000000117, -1.7856176783e-05
-8.649200000000118, -1.7654208932e-05
-8.649100000000118, -1.7631969968e-05
-8.649000000000118, -1.7772410501e-05
-8.648900000000118, -1.7638891222e-05
-8.648800000000119, -1.7595146346e-05
-8.648700000000119, -1.7580130589e-05
-8.648600000000119, -1.7593085431e-05
-8.64850000000012, -1.7544569346e-05
-8.64840000000012, -1.7518887034e-05
-8.64830000000012, -1.7554919395e-05
-8.64820000000012, -1.7450518499e-05
-8.64810000000012, -1.7497532099e-05
-8.64800000000012, -1.7485303033e-05
-8.64790000000012, -1.7611971998e-05
-8.647800000000121, -1.7509613826e-05
-8.647700000000121, -1.7411664885e-05
-8.647600000000121, -1.7437263523e-05
-8.647500000000122, -1.7626805857e-05
-8.647400000000122, -1.751317177e-05
-8.647300000000122, -1.7425680198e-05
-8.647200000000122, -1.7472233594e-05
-8.647100000000123, -1.7571403077e-05
-8.647000000000123, -1.745008376e-05
-8.646900000000123, -1.7296646547e-05
-8.646800000000123, -1.7478752852e-05
-8.646700000000124, -1.7399106582e-05
-8.646600000000124, -1.7244456103e-05
-8.646500000000124, -1.7194570319e-05
-8.646400000000124, -1.7439282601e-05
-8.646300000000124, -1.7243935872e-05
-8.646200000000125, -1.7071197362e-05
-8.646100000000125, -1.7111113266e-05
-8.646000000000125, -1.715221515e-05
-8.645900000000125, -1.7021824533e-05
-8.645800000000126, -1.6999551008e-05
-8.645700000000126, -1.7071353795e-05
-8.645600000000126, -1.7033833501e-05
-8.645500000000126, -1.7025084162e-05
-8.645400000000127, -1.6946842152e-05
-8.645300000000127, -1.6997561033e-05
-8.645200000000127, -1.6877054804e-05
-8.645100000000127, -1.6836300347e-05
-8.645000000000127, -1.6797233911e-05
-8.644900000000128, -1.6943009541e-05
-8.644800000000128, -1.6935795429e-05
-8.644700000000128, -1.6783116735e-05
-8.644600000000128, -1.6908617908e-05
-8.644500000000129, -1.6964451788e-05
-8.644400000000129, -1.7014805053e-05
-8.644300000000129, -1.7141703211e-05
-8.64420000000013, -1.731296652e-05
-8.64410000000013, -1.7151598513e-05
-8.64400000000013, -1.6916659661e-05
-8.64390000000013, -1.6866213628e-05
-8.64380000000013, -1.6992667952e-05
-8.64370000000013, -1.6871690605e-05
-8.64360000000013, -1.6794580006e-05
-8.643500000000131, -1.6828687876e-05
-8.643400000000131, -1.701848123e-05
-8.643300000000131, -1.6879987015e-05
-8.643200000000132, -1.6746373149e-05
-8.643100000000132, -1.6873802451e-05
-8.643000000000132, -1.6967969714e-05
-8.642900000000132, -1.6794352632e-05
-8.642800000000133, -1.6814852643e-05
-8.642700000000133, -1.6928241166e-05
-8.642600000000133, -1.683391929e-05
-8.642500000000133, -1.6754427634e-05
-8.642400000000134, -1.6646703443e-05
-8.642300000000134, -1.6786822016e-05
-8.642200000000134, -1.6650750695e-05
-8.642100000000134, -1.6572170352e-05
-8.642000000000134, -1.6675232473e-05
-8.641900000000135, -1.677156979e-05
-8.641800000000135, -1.6629634047e-05
-8.641700000000135, -1.6491094357e-05
-8.641600000000135, -1.6662135749e-05
-8.641500000000136, -1.6723595763e-05
-8.641400000000136, -1.6567446437e-05
-8.641300000000136, -1.6500809579e-05
-8.641200000000136, -1.6601574316e-05
-8.641100000000137, -1.6646023141e-05
-8.641000000000137, -1.6591329768e-05
-8.640900000000137, -1.6521231373e-05
-8.640800000000137, -1.668267214e-05
-8.640700000000137, -1.6586001948e-05
-8.640600000000138, -1.6533300368e-05
-8.640500000000138, -1.665605123e-05
-8.640400000000138, -1.6673000573e-05
-8.640300000000138, -1.6511143258e-05
-8.640200000000139, -1.6366637283e-05
-8.640100000000139, -1.6434642021e-05
-8.64000000000014, -1.6479045371e-05
-8.63990000000014, -1.64104531e-05
-8.63980000000014, -1.6417685401e-05
-8.63970000000014, -1.6595182387e-05
-8.63960000000014, -1.6604011762e-05
-8.63950000000014, -1.6514381059e-05
-8.63940000000014, -1.65404781e-05
-8.63930000000014, -1.6697680621e-05
-8.639200000000141, -1.6493911971e-05
-8.639100000000141, -1.6431453332e-05
-8.639000000000141, -1.6612768377e-05
-8.638900000000142, -1.6638741727e-05
-8.638800000000142, -1.6497535398e-05
-8.638700000000142, -1.6409254386e-05
-8.638600000000142, -1.6587768187e-05
-8.638500000000143, -1.6623996999e-05
-8.638400000000143, -1.6503710867e-05
-8.638300000000143, -1.6526915715e-05
-8.638200000000143, -1.66272348e-05
-8.638100000000144, -1.655440974e-05
-8.638000000000144, -1.6341124137e-05
-8.637900000000144, -1.6404717826e-05
-8.637800000000144, -1.6453230273e-05
-8.637700000000144, -1.6278503608e-05
-8.637600000000145, -1.6183181287e-05
-8.637500000000145, -1.6329846403e-05
-8.637400000000145, -1.629749022e-05
-8.637300000000145, -1.617331327e-05
-8.637200000000146, -1.6127443814e-05
-8.637100000000146, -1.6320534996e-05
-8.637000000000146, -1.620369585e-05
-8.636900000000146, -1.6049512851e-05
-8.636800000000147, -1.6040177798e-05
-8.636700000000147, -1.6008641978e-05
-8.636600000000147, -1.5955845811e-05
-8.636500000000147, -1.5929972506e-05
-8.636400000000148, -1.6019734176e-05
-8.636300000000148, -1.5940850062e-05
-8.636200000000148, -1.5789339159e-05
-8.636100000000148, -1.5700217773e-05
-8.636000000000148, -1.5877585611e-05
-8.635900000000149, -1.5874151359e-05
-8.635800000000149, -1.5785280993e-05
-8.63570000000015, -1.5754965716e-05
-8.63560000000015, -1.5988460291e-05
-8.63550000000015, -1.5924502804e-05
-8.63540000000015, -1.5935118427e-05
-8.63530000000015, -1.6061343558e-05
-8.63520000000015, -1.6125077309e-05
-8.63510000000015, -1.601245458e-05
-8.63500000000015, -1.5959625671e-05
-8.634900000000151, -1.6177404177e-05
-8.634800000000151, -1.6181315004e-05
-8.634700000000151, -1.6044365111e-05
-8.634600000000152, -1.5911240553e-05
-8.634500000000152, -1.5998642994e-05
-8.634400000000152, -1.5962939869e-05
-8.634300000000152, -1.5844663722e-05
-8.634200000000153, -1.577328112e-05
-8.634100000000153, -1.585987593e-05
-8.634000000000153, -1.5703310055e-05
-8.633900000000153, -1.5689074644e-05
-8.633800000000154, -1.5724961486e-05
-8.633700000000154, -1.5748933947e-05
-8.633600000000154, -1.5645675376e-05
-8.633500000000154, -1.5594841898e-05
-8.633400000000155, -1.5710167645e-05
-8.633300000000155, -1.5661122234e-05
-8.633200000000155, -1.559978773e-05
-8.633100000000155, -1.5573315977e-05
-8.633000000000155, -1.5722067474e-05
-8.632900000000156, -1.5584422727e-05
-8.632800000000156, -1.5519597582e-05
-8.632700000000156, -1.549200897e-05
-8.632600000000156, -1.5588151655e-05
-8.632500000000157, -1.5495368643e-05
-8.632400000000157, -1.5437315597e-05
-8.632300000000157, -1.5563837223e-05
-8.632200000000157, -1.547778993e-05
-8.632100000000158, -1.5398942196e-05
-8.632000000000158, -1.5335706848e-05
-8.631900000000158, -1.5511233869e-05
-8.631800000000158, -1.5466754121e-05
-8.631700000000158, -1.5321966202e-05
-8.631600000000159, -1.5289611838e-05
-8.631500000000159, -1.5351357433e-05
-8.63140000000016, -1.5237074876e-05
-8.63130000000016, -1.5193070794e-05
-8.63120000000016, -1.5279370928e-05
-8.63110000000016, -1.5278043065e-05
-8.63100000000016, -1.5183752112e-05
-8.63090000000016, -1.5171791347e-05
-8.63080000000016, -1.531626549e-05
-8.63070000000016, -1.5281197193e-05
-8.630600000000161, -1.5270032236e-05
-8.630500000000161, -1.5224870367e-05
-8.630400000000161, -1.5388020984e-05
-8.630300000000162, -1.5352574337e-05
-8.630200000000162, -1.5315657947e-05
-8.630100000000162, -1.5425119273e-05
-8.630000000000162, -1.5484438336e-05
-8.629900000000163, -1.5377887394e-05
-8.629800000000163, -1.5210914171e-05
-8.629700000000163, -1.5195319065e-05
-8.629600000000163, -1.5087968677e-05
-8.629500000000164, -1.5186205928e-05
-8.629400000000164, -1.5480172806e-05
-8.629300000000164, -1.577608964e-05
-8.629200000000164, -1.5644634914e-05
-8.629100000000165, -1.5430206986e-05
-8.629000000000165, -1.5402431018e-05
-8.628900000000165, -1.5491128579e-05
-8.628800000000165, -1.5395253286e-05
-8.628700000000165, -1.5262183297e-05
-8.628600000000166, -1.5316893041e-05
-8.628500000000166, -1.5298488506e-05
-8.628400000000166, -1.5248136151e-05
-8.628300000000166, -1.5168921891e-05
-8.628200000000167, -1.5216653992e-05
-8.628100000000167, -1.5192757928e-05
-8.628000000000167, -1.5161537704e-05
-8.627900000000167, -1.5139951756e-05
-8.627800000000168, -1.5213853658e-05
-8.627700000000168, -1.5116016584e-05
-8.627600000000168, -1.5055584299e-05
-8.627500000000168, -1.5051859918e-05
-8.627400000000168, -1.5178306057e-05
-8.627300000000169, -1.5089461158e-05
-8.627200000000169, -1.5011146388e-05
-8.62710000000017, -1.5150124455e-05
-8.62700000000017, -1.5157751477e-05
-8.62690000000017, -1.4984946574e-05
-8.62680000000017, -1.4931177247e-05
-8.62670000000017, -1.5115336282e-05
-8.62660000000017, -1.4974995793e-05
-8.62650000000017, -1.4883047697e-05
-8.62640000000017, -1.4868099242e-05
-8.626300000000171, -1.4980852029e-05
-8.626200000000171, -1.4826782717e-05
-8.626100000000172, -1.475314275e-05
-8.626000000000172, -1.4812718291e-05
-8.625900000000172, -1.477200658e-05
-8.625800000000172, -1.466786216e-05
-8.625700000000172, -1.4535030459e-05
-8.625600000000173, -1.4627313249e-05
-8.625500000000173, -1.4580309653e-05
-8.625400000000173, -1.4472870134e-05
-8.625300000000173, -1.4457652469e-05
-8.625200000000174, -1.4527042367e-05
-8.625100000000174, -1.447784598e-05
-8.625000000000174, -1.4451883544e-05
-8.624900000000174, -1.4540461962e-05
-8.624800000000175, -1.4625954464e-05
-8.624700000000175, -1.4600845134e-05
-8.624600000000175, -1.4623055904e-05
-8.624500000000175, -1.4674945305e-05
-8.624400000000175, -1.4676138562e-05
-8.624300000000176, -1.4586348698e-05
-8.624200000000176, -1.4502873455e-05
-8.624100000000176, -1.4615186046e-05
-8.624000000000176, -1.455896836e-05
-8.623900000000177, -1.4532400201e-05
-8.623800000000177, -1.4507355445e-05
-8.623700000000177, -1.4552743778e-05
-8.623600000000177, -1.4484727217e-05
-8.623500000000178, -1.4429093426e-05
-8.623400000000178, -1.4467377696e-05
-8.623300000000178, -1.4468695554e-05
-8.623200000000178, -1.4371426914e-05
-8.623100000000179, -1.4295409528e-05
-8.623000000000179, -1.4461041246e-05
-8.622900000000179, -1.4450148228e-05
-8.62280000000018, -1.4414258658e-05
-8.62270000000018, -1.4462562831e-05
-8.62260000000018, -1.4507686501e-05
-8.62250000000018, -1.4463171283e-05
-8.62240000000018, -1.4434871446e-05
-8.62230000000018, -1.4500466932e-05
-8.62220000000018, -1.4459948943e-05
-8.62210000000018, -1.441421864e-05
-8.622000000000181, -1.433120724e-05
-8.621900000000181, -1.4479221136e-05
-8.621800000000182, -1.4389646822e-05
-8.621700000000182, -1.429589247e-05
-8.621600000000182, -1.4313108295e-05
-8.621500000000182, -1.4595096218e-05
-8.621400000000182, -1.4457822545e-05
-8.621300000000183, -1.4381002075e-05
-8.621200000000183, -1.4442665815e-05
-8.621100000000183, -1.453178902e-05
-8.621000000000183, -1.4314072359e-05
-8.620900000000184, -1.426316976e-05
-8.620800000000184, -1.4282069969e-05
-8.620700000000184, -1.4275042304e-05
-8.620600000000184, -1.4188935893e-05
-8.620500000000185, -1.4086695046e-05
-8.620400000000185, -1.4031678802e-05
-8.620300000000185, -1.3841937289e-05
-8.620200000000185, -1.3722198673e-05
-8.620100000000186, -1.3868017049e-05
-8.620000000000186, -1.40260845e-05
-8.619900000000186, -1.4143598492e-05
-8.619800000000186, -1.4163393644e-05
-8.619700000000186, -1.4147190996e-05
-8.619600000000187, -1.4138900951e-05
-8.619500000000187, -1.410164532e-05
-8.619400000000187, -1.4067926713e-05
-8.619300000000187, -1.4108670257e-05
-8.619200000000188, -1.4072203157e-05
-8.619100000000188, -1.4107477909e-05
-8.619000000000188, -1.4120872947e-05
-8.618900000000188, -1.4110274606e-05
-8.618800000000189, -1.3972979104e-05
-8.618700000000189, -1.3868957467e-05
-8.618600000000189, -1.3819987544e-05
-8.61850000000019, -1.3794522602e-05
-8.61840000000019, -1.3797323845e-05
-8.61830000000019, -1.3830352145e-05
-8.61820000000019, -1.3876127014e-05
-8.61810000000019, -1.3835306163e-05
-8.61800000000019, -1.3815482816e-05
-8.61790000000019, -1.3830060198e-05
-8.61780000000019, -1.3928128283e-05
-8.617700000000191, -1.3882287931e-05
-8.617600000000191, -1.3897128156e-05
-8.617500000000192, -1.3970002328e-05
-8.617400000000192, -1.4145446585e-05
-8.617300000000192, -1.4050789105e-05
-8.617200000000192, -1.3928382032e-05
-8.617100000000192, -1.4097930034e-05
-8.617000000000193, -1.4109160475e-05
-8.616900000000193, -1.399337998e-05
-8.616800000000193, -1.39335516e-05
-8.616700000000193, -1.4043164811e-05
-8.616600000000194, -1.3922531252e-05
-8.616500000000194, -1.3834571291e-05
-8.616400000000194, -1.3841806322e-05
-8.616300000000194, -1.3866831978e-05
-8.616200000000195, -1.3791539459e-05
-8.616100000000195, -1.3679778931e-05
-8.616000000000195, -1.3742843294e-05
-8.615900000000195, -1.3752142877e-05
-8.615800000000196, -1.3707528524e-05
-8.615700000000196, -1.3610291717e-05
-8.615600000000196, -1.3793559447e-05
-8.615500000000196, -1.3759500689e-05
-8.615400000000196, -1.3686184502e-05
-8.615300000000197, -1.3660561308e-05
-8.615200000000197, -1.378928846e-05
-8.615100000000197, -1.3703465811e-05
-8.615000000000197, -1.3649412722e-05
-8.614900000000198, -1.3736484107e-05
-8.614800000000198, -1.3741402654e-05
-8.614700000000198, -1.3680019038e-05
-8.614600000000198, -1.364063337e-05
-8.614500000000199, -1.3721085452e-05
-8.614400000000199, -1.3694440895e-05
-8.614300000000199, -1.3709859559e-05
-8.6142000000002, -1.3669119653e-05
-8.6141000000002, -1.3809869415e-05
-8.6140000000002, -1.3787197531e-05
-8.6139000000002, -1.3696063434e-05
-8.6138000000002, -1.3690430933e-05
-8.6137000000002, -1.3776695596e-05
-8.6136000000002, -1.3649741959e-05
-8.6135000000002, -1.3561121705e-05
-8.613400000000201, -1.3581412531e-05
-8.613300000000201, -1.3651866539e-05
-8.613200000000202, -1.357009387e-05
-8.613100000000202, -1.3502788534e-05
-8.613000000000202, -1.35641003e-05
-8.612900000000202, -1.3558523278e-05
-8.612800000000203, -1.3486572243e-05
-8.612700000000203, -1.3428824786e-05
-8.612600000000203, -1.3604188098e-05
-8.612500000000203, -1.3451500308e-05
-8.612400000000203, -1.3427940758e-05
-8.612300000000204, -1.339033588e-05
-8.612200000000204, -1.3392641449e-05
-8.612100000000204, -1.3339929865e-05
-8.612000000000204, -1.3316652257e-05
-8.611900000000205, -1.3339510588e-05
-8.611800000000205, -1.3372802641e-05
-8.611700000000205, -1.328448252e-05
-8.611600000000205, -1.3293371921e-05
-8.611500000000206, -1.3384588783e-05
-8.611400000000206, -1.3318855963e-05
-8.611300000000206, -1.3268340808e-05
-8.611200000000206, -1.3236627638e-05
-8.611100000000206, -1.336375135e-05
-8.611000000000207, -1.3348000721e-05
-8.610900000000207, -1.3263625988e-05
-8.610800000000207, -1.3333997231e-05
-8.610700000000207, -1.3327901797e-05
-8.610600000000208, -1.3319577192e-05
-8.610500000000208, -1.329024235e-05
-8.610400000000208, -1.3330000911e-05
-8.610300000000208, -1.3372331523e-05
-8.610200000000209, -1.3301120816e-05
-8.610100000000209, -1.3261683307e-05
-8.610000000000209, -1.3309046153e-05
-8.60990000000021, -1.3296516954e-05
-8.60980000000021, -1.3207201846e-05
-8.60970000000021, -1.3191505786e-05
-8.60960000000021, -1.3257919818e-05
-8.60950000000021, -1.3184582713e-05
-8.60940000000021, -1.3172849322e-05
-8.60930000000021, -1.3155934539e-05
-8.609200000000211, -1.3072284673e-05
-8.609100000000211, -1.3056528587e-05
-8.609000000000211, -1.3091516848e-05
-8.608900000000212, -1.2943311958e-05
-8.608800000000212, -1.294717913e-05
-8.608700000000212, -1.3024836335e-05
-8.608600000000212, -1.3034172298e-05
-8.608500000000213, -1.2924348084e-05
-8.608400000000213, -1.2971314391e-05
-8.608300000000213, -1.2978955965e-05
-8.608200000000213, -1.2895177861e-05
-8.608100000000213, -1.2887684534e-05
-8.608000000000214, -1.2923252143e-05
-8.607900000000214, -1.2966231225e-05
-8.607800000000214, -1.2928281649e-05
-8.607700000000214, -1.292169145e-05
-8.607600000000215, -1.289903139e-05
-8.607500000000215, -1.2936176972e-05
-8.607400000000215, -1.2987256014e-05
-8.607300000000215, -1.2983078705e-05
-8.607200000000216, -1.2958830666e-05
-8.607100000000216, -1.299622636e-05
-8.607000000000216, -1.3083109479e-05
-8.606900000000216, -1.3048244e-05
-8.606800000000216, -1.3055387171e-05
-8.606700000000217, -1.3133209904e-05
-8.606600000000217, -1.3149592633e-05
-8.606500000000217, -1.30779963e-05
-8.606400000000217, -1.303629324e-05
-8.606300000000218, -1.3113229215e-05
-8.606200000000218, -1.3034152289e-05
-8.606100000000218, -1.296098435e-05
-8.606000000000218, -1.2950267774e-05
-8.605900000000219, -1.2965507267e-05
-8.605800000000219, -1.2938607142e-05
-8.605700000000219, -1.2922563656e-05
-8.60560000000022, -1.2905279618e-05
-8.60550000000022, -1.2901350601e-05
-8.60540000000022, -1.2880910617e-05
-8.60530000000022, -1.2893167877e-05
-8.60520000000022, -1.2848472579e-05
-8.60510000000022, -1.2861684809e-05
-8.60500000000022, -1.2827523278e-05
-8.604900000000221, -1.2847107428e-05
-8.604800000000221, -1.2893292478e-05
-8.604700000000221, -1.2866474208e-05
-8.604600000000222, -1.277049887e-05
-8.604500000000222, -1.2723075088e-05
-8.604400000000222, -1.2738806618e-05
-8.604300000000222, -1.2590557162e-05
-8.604200000000223, -1.2459297977e-05
-8.604100000000223, -1.2612153114e-05
-8.604000000000223, -1.2862416042e-05
-8.603900000000223, -1.2878984307e-05
-8.603800000000223, -1.2844436242e-05
-8.603700000000224, -1.2908582903e-05
-8.603600000000224, -1.2934304323e-05
-8.603500000000224, -1.2839953342e-05
-8.603400000000224, -1.2817847164e-05
-8.603300000000225, -1.2876717847e-05
-8.603200000000225, -1.2762261576e-05
-8.603100000000225, -1.2709221664e-05
-8.603000000000225, -1.2703424545e-05
-8.602900000000226, -1.2725308807e-05
-8.602800000000226, -1.2729747141e-05
-8.602700000000226, -1.2766504369e-05
-8.602600000000226, -1.2753805095e-05
-8.602500000000227, -1.2790876099e-05
-8.602400000000227, -1.2767710359e-05
-8.602300000000227, -1.2760990103e-05
-8.602200000000227, -1.2783405509e-05
-8.602100000000227, -1.2740698367e-05
-8.602000000000228, -1.2682672605e-05
-8.601900000000228, -1.2684398826e-05
-8.601800000000228, -1.2771504771e-05
-8.601700000000228, -1.27210551e-05
-8.601600000000229, -1.2707216229e-05
-8.601500000000229, -1.2711630916e-05
-8.601400000000229, -1.2750965652e-05
-8.60130000000023, -1.2724548469e-05
-8.60120000000023, -1.2675086509e-05
-8.60110000000023, -1.2758825505e-05
-8.60100000000023, -1.2735861674e-05
-8.60090000000023, -1.2690084077e-05
-8.60080000000023, -1.2721132407e-05
-8.60070000000023, -1.2727608009e-05
-8.600600000000231, -1.2677180166e-05
-8.600500000000231, -1.264587172e-05
-8.600400000000231, -1.264043749e-05
-8.600300000000232, -1.2617100765e-05
-8.600200000000232, -1.2569475075e-05
-8.600100000000232, -1.2587384845e-05
-8.600000000000232, -1.2576490917e-05
-8.599900000000233, -1.2574251741e-05
-8.599800000000233, -1.2574805623e-05
-8.599700000000233, -1.2559425159e-05
-8.599600000000233, -1.2572675587e-05
-8.599500000000234, -1.2570149011e-05
-8.599400000000234, -1.2568734746e-05
-8.599300000000234, -1.2554504792e-05
-8.599200000000234, -1.2634851373e-05
-8.599100000000234, -1.2581012015e-05
-8.599000000000235, -1.255735242e-05
-8.598900000000235, -1.25936931e-05
-8.598800000000235, -1.2737339603e-05
-8.598700000000235, -1.2684032299e-05
-8.598600000000236, -1.2576633708e-05
-8.598500000000236, -1.2655495084e-05
-8.598400000000236, -1.266784875e-05
-8.598300000000236, -1.2666296243e-05
-8.598200000000237, -1.2681381122e-05
-8.598100000000237, -1.2793001588e-05
-8.598000000000237, -1.2740965758e-05
-8.597900000000237, -1.267098196e-05
-8.597800000000237, -1.2596579836e-05
-8.597700000000238, -1.2660512766e-05
-8.597600000000238, -1.2567152226e-05
-8.597500000000238, -1.243251063e-05
-8.597400000000238, -1.2494484508e-05
-8.597300000000239, -1.2561989934e-05
-8.597200000000239, -1.2456723198e-05
-8.597100000000239, -1.2370056538e-05
-8.59700000000024, -1.2472280105e-05
-8.59690000000024, -1.2455175238e-05
-8.59680000000024, -1.2338377928e-05
-8.59670000000024, -1.2304520169e-05
-8.59660000000024, -1.2384325601e-05
-8.59650000000024, -1.2320454516e-05
-8.59640000000024, -1.2339986824e-05
-8.596300000000241, -1.2335246538e-05
-8.596200000000241, -1.2321873328e-05
-8.596100000000241, -1.2328606317e-05
-8.596000000000242, -1.2298589354e-05
-8.595900000000242, -1.2282994248e-05
-8.595800000000242, -1.2270971638e-05
-8.595700000000242, -1.2281465388e-05
-8.595600000000243, -1.2251224689e-05
-8.595500000000243, -1.2255801266e-05
-8.595400000000243, -1.2253243767e-05
-8.595300000000243, -1.2253057321e-05
-8.595200000000244, -1.2244588106e-05
-8.595100000000244, -1.2268044884e-05
-8.595000000000244, -1.2245992366e-05
-8.594900000000244, -1.2265832083e-05
-8.594800000000244, -1.2274810615e-05
-8.594700000000245, -1.2386934031e-05
-8.594600000000245, -1.2331658581e-05
-8.594500000000245, -1.234476531e-05
-8.594400000000245, -1.243875613e-05
-8.594300000000246, -1.2459952814e-05
-8.594200000000246, -1.2330637219e-05
-8.594100000000246, -1.231897113e-05
-8.594000000000246, -1.2473300558e-05
-8.593900000000247, -1.2393652469e-05
-8.593800000000247, -1.2306602912e-05
-8.593700000000247, -1.2310360034e-05
-8.593600000000247, -1.2426507965e-05
-8.593500000000247, -1.2289295228e-05
-8.593400000000248, -1.2281218915e-05
-8.593300000000248, -1.2295267879e-05
-8.593200000000248, -1.2280444935e-05
-8.593100000000248, -1.2222422811e-05
-8.593000000000249, -1.2175923985e-05
-8.592900000000249, -1.2273456377e-05
-8.59280000000025, -1.2227314983e-05
-8.59270000000025, -1.2201245227e-05
-8.59260000000025, -1.2186108506e-05
-8.59250000000025, -1.2275424524e-05
-8.59240000000025, -1.2226089893e-05
-8.59230000000025, -1.218019861e-05
-8.59220000000025, -1.2227261323e-05
-8.59210000000025, -1.2309262274e-05
-8.592000000000251, -1.2195739146e-05
-8.591900000000251, -1.2144572793e-05
-8.591800000000251, -1.2258143215e-05
-8.591700000000252, -1.2189529116e-05
-8.591600000000252, -1.2041960872e-05
-8.591500000000252, -1.2001888535e-05
-8.591400000000252, -1.2143229469e-05
-8.591300000000253, -1.2117432561e-05
-8.591200000000253, -1.211424842e-05
-8.591100000000253, -1.2166154193e-05
-8.591000000000253, -1.2313612388e-05
-8.590900000000254, -1.2246286133e-05
-8.590800000000254, -1.2212104593e-05
-8.590700000000254, -1.2217876247e-05
-8.590600000000254, -1.2175714801e-05
-8.590500000000254, -1.2058220818e-05
-8.590400000000255, -1.1957303286e-05
-8.590300000000255, -1.2025105207e-05
-8.590200000000255, -1.1984909179e-05
-8.590100000000255, -1.1891471331e-05
-8.590000000000256, -1.1884438209e-05
-8.589900000000256, -1.2006474208e-05
-8.589800000000256, -1.1960670236e-05
-8.589700000000256, -1.1889285815e-05
-8.589600000000257, -1.1964300938e-05
-8.589500000000257, -1.2034450265e-05
-8.589400000000257, -1.1959155017e-05
-8.589300000000257, -1.1971034837e-05
-8.589200000000258, -1.206680281e-05
-8.589100000000258, -1.2083846741e-05
-8.589000000000258, -1.2056313608e-05
-8.588900000000258, -1.2057920685e-05
-8.588800000000258, -1.2290484847e-05
-8.588700000000259, -1.226996028e-05
-8.588600000000259, -1.227253415e-05
-8.58850000000026, -1.2408041584e-05
-8.58840000000026, -1.2587975107e-05
-8.58830000000026, -1.2591455743e-05
-8.58820000000026, -1.2521349163e-05
-8.58810000000026, -1.2611672901e-05
-8.58800000000026, -1.2617551874e-05
-8.58790000000026, -1.2373910977e-05
-8.58780000000026, -1.2258599781e-05
-8.587700000000261, -1.2339541172e-05
-8.587600000000261, -1.2205709936e-05
-8.587500000000261, -1.2060416338e-05
-8.587400000000262, -1.2034521205e-05
-8.587300000000262, -1.2113609955e-05
-8.587200000000262, -1.1995631212e-05
-8.587100000000262, -1.1891890608e-05
-8.587000000000263, -1.1912170521e-05
-8.586900000000263, -1.1980845557e-05
-8.586800000000263, -1.1858032849e-05
-8.586700000000263, -1.1795460523e-05
-8.586600000000264, -1.1867670764e-05
-8.586500000000264, -1.182761298e-05
-8.586400000000264, -1.1721973351e-05
-8.586300000000264, -1.1706576515e-05
-8.586200000000265, -1.1774343875e-05
-8.586100000000265, -1.168703966e-05
-8.586000000000265, -1.1658893527e-05
-8.585900000000265, -1.1651024579e-05
-8.585800000000265, -1.1682921468e-05
-8.585700000000266, -1.1648244254e-05
-8.585600000000266, -1.1601295228e-05
-8.585500000000266, -1.1649031876e-05
-8.585400000000266, -1.1682512195e-05
-8.585300000000267, -1.1623891623e-05
-8.585200000000267, -1.1576968973e-05
-8.585100000000267, -1.1596351214e-05
-8.585000000000267, -1.1547129361e-05
-8.584900000000268, -1.1486664334e-05
-8.584800000000268, -1.1532888493e-05
-8.584700000000268, -1.1751459169e-05
-8.584600000000268, -1.1834340512e-05
-8.584500000000268, -1.1904374333e-05
-8.584400000000269, -1.1891072973e-05
-8.584300000000269, -1.1911140064e-05
-8.58420000000027, -1.180437539e-05
-8.58410000000027, -1.1703078599e-05
-8.58400000000027, -1.1727811398e-05
-8.58390000000027, -1.1698535673e-05
-8.58380000000027, -1.1637507669e-05
-8.58370000000027, -1.1623372302e-05
-8.58360000000027, -1.1679232557e-05
-8.58350000000027, -1.161623004e-05
-8.583400000000271, -1.163107936e-05
-8.583300000000271, -1.1669035302e-05
-8.583200000000272, -1.1581249964e-05
-8.583100000000272, -1.1623140381e-05
-8.583000000000272, -1.1664384147e-05
-8.582900000000272, -1.1621804333e-05
-8.582800000000272, -1.1595179785e-05
-8.582700000000273, -1.1588315829e-05
-8.582600000000273, -1.1589299902e-05
-8.582500000000273, -1.156694907e-05
-8.582400000000273, -1.1586119399e-05
-8.582300000000274, -1.1569150047e-05
-8.582200000000274, -1.1516764062e-05
-8.582100000000274, -1.1545827874e-05
-8.582000000000274, -1.1532813915e-05
-8.581900000000275, -1.152733239e-05
-8.581800000000275, -1.1529835319e-05
-8.581700000000275, -1.1599630852e-05
-8.581600000000275, -1.1553064724e-05
-8.581500000000275, -1.1515197912e-05
-8.581400000000276, -1.1567789443e-05
-8.581300000000276, -1.1679336239e-05
-8.581200000000276, -1.1538842045e-05
-8.581100000000276, -1.1492138583e-05
-8.581000000000277, -1.1561902284e-05
-8.580900000000277, -1.1518216525e-05
-8.580800000000277, -1.1464760973e-05
-8.580700000000277, -1.1464631825e-05
-8.580600000000278, -1.149970285e-05
-8.580500000000278, -1.1468231605e-05
-8.580400000000278, -1.1412930689e-05
-8.580300000000278, -1.1386637198e-05
-8.580200000000278, -1.1417976566e-05
-8.580100000000279, -1.1376989278e-05
-8.580000000000279, -1.1414958863e-05
-8.57990000000028, -1.1327656466e-05
-8.57980000000028, -1.129573684e-05
-8.57970000000028, -1.1274118151e-05
-8.57960000000028, -1.1321122656e-05
-8.57950000000028, -1.1227374671e-05
-8.57940000000028, -1.1248044757e-05
-8.57930000000028, -1.1359614291e-05
-8.57920000000028, -1.1400829862e-05
-8.579100000000281, -1.1366503713e-05
-8.579000000000281, -1.1413020729e-05
-8.578900000000282, -1.1487542906e-05
-8.578800000000282, -1.1486901712e-05
-8.578700000000282, -1.1509335309e-05
-8.578600000000282, -1.1493724742e-05
-8.578500000000282, -1.1538260878e-05
-8.578400000000283, -1.1562228792e-05
-8.578300000000283, -1.163770321e-05
-8.578200000000283, -1.1541831554e-05
-8.578100000000283, -1.1534264559e-05
-8.578000000000284, -1.1506601368e-05
-8.577900000000284, -1.1532689314e-05
-8.577800000000284, -1.1511519006e-05
-8.577700000000284, -1.1486649782e-05
-8.577600000000285, -1.1491826626e-05
-8.577500000000285, -1.1455949789e-05
-8.577400000000285, -1.1486062249e-05
-8.577300000000285, -1.1482087757e-05
-8.577200000000285, -1.1430837731e-05
-8.577100000000286, -1.1481016372e-05
-8.577000000000286, -1.151235665e-05
-8.576900000000286, -1.1463192095e-05
-8.576800000000286, -1.1474845451e-05
-8.576700000000287, -1.1504078429e-05
-8.576600000000287, -1.1555433048e-05
-8.576500000000287, -1.1439821719e-05
-8.576400000000287, -1.1523977264e-05
-8.576300000000288, -1.1545520465e-05
-8.576200000000288, -1.1469631318e-05
-8.576100000000288, -1.139496635e-05
-8.576000000000288, -1.141087796e-05
-8.575900000000289, -1.1418145732e-05
-8.575800000000289, -1.1383648598e-05
-8.575700000000289, -1.1370445463e-05
-8.57560000000029, -1.1374439964e-05
-8.57550000000029, -1.139568667e-05
-8.57540000000029, -1.1430158338e-05
-8.57530000000029, -1.1467623153e-05
-8.57520000000029, -1.1426212041e-05
-8.57510000000029, -1.1443858057e-05
-8.57500000000029, -1.1567609363e-05
-8.57490000000029, -1.1541077583e-05
-8.574800000000291, -1.1520743101e-05
-8.574700000000291, -1.1563613043e-05
-8.574600000000292, -1.160834745e-05
-8.574500000000292, -1.1521481611e-05
-8.574400000000292, -1.1504645954e-05
-8.574300000000292, -1.1579182683e-05
-8.574200000000292, -1.1516969607e-05
-8.574100000000293, -1.1409055332e-05
-8.574000000000293, -1.134705235e-05
-8.573900000000293, -1.1401765732e-05
-8.573800000000293, -1.136377432e-05
-8.573700000000294, -1.1319256373e-05
-8.573600000000294, -1.1354160051e-05
-8.573500000000294, -1.1396465197e-05
-8.573400000000294, -1.1332018403e-05
-8.573300000000295, -1.1288225323e-05
-8.573200000000295, -1.1364183592e-05
-8.573100000000295, -1.1336633179e-05
-8.573000000000295, -1.1253084267e-05
-8.572900000000296, -1.1234096746e-05
-8.572800000000296, -1.1361424185e-05
-8.572700000000296, -1.1273421478e-05
-8.572600000000296, -1.118993805e-05
-8.572500000000296, -1.1192999409e-05
-8.572400000000297, -1.1244836969e-05
-8.572300000000297, -1.1159561836e-05
-8.572200000000297, -1.1115748748e-05
-8.572100000000297, -1.1178412024e-05
-8.572000000000298, -1.1220218767e-05
-8.571900000000298, -1.1182545677e-05
-8.571800000000298, -1.1187798918e-05
-8.571700000000298, -1.1276230907e-05
-8.571600000000299, -1.1234438716e-05
-8.571500000000299, -1.1252727745e-05
-8.571400000000299, -1.1230305063e-05
-8.5713000000003, -1.1220603483e-05
-8.5712000000003, -1.1181610716e-05
-8.5711000000003, -1.1169178833e-05
-8.5710000000003, -1.112433074e-05
-8.5709000000003, -1.116439762e-05
-8.5708000000003, -1.111475558e-05
-8.5707000000003, -1.1072185771e-05
-8.5706000000003, -1.1133487533e-05
-8.570500000000301, -1.1101295058e-05
-8.570400000000301, -1.1061886653e-05
-8.570300000000302, -1.1028239896e-05
-8.570200000000302, -1.1125775018e-05
-8.570100000000302, -1.1043908671e-05
-8.570000000000302, -1.1038955563e-05
-8.569900000000302, -1.1096880371e-05
-8.569800000000303, -1.1180931324e-05
-8.569700000000303, -1.114351744e-05
-8.569600000000303, -1.1070424989e-05
-8.569500000000303, -1.1139131857e-05
-8.569400000000304, -1.1164314856e-05
-8.569300000000304, -1.1117480426e-05
-8.569200000000304, -1.1078218449e-05
-8.569100000000304, -1.1147240912e-05
-8.569000000000305, -1.1085625374e-05
-8.568900000000305, -1.1021006685e-05
-8.568800000000305, -1.1031092981e-05
-8.568700000000305, -1.1057089978e-05
-8.568600000000306, -1.0990137525e-05
-8.568500000000306, -1.0935265891e-05
-8.568400000000306, -1.0926781215e-05
-8.568300000000306, -1.0897062566e-05
-8.568200000000306, -1.0863837815e-05
-8.568100000000307, -1.0895892046e-05
-8.568000000000307, -1.0988547729e-05
-8.567900000000307, -1.099448582e-05
-8.567800000000307, -1.0979732906e-05
-8.567700000000308, -1.0955074686e-05
-8.567600000000308, -1.1078484931e-05
-8.567500000000308, -1.1022357285e-05
-8.567400000000308, -1.0964622561e-05
-8.567300000000309, -1.0986964298e-05
-8.567200000000309, -1.1126538993e-05
-8.567100000000309, -1.1031967915e-05
-8.56700000000031, -1.0941583241e-05
-8.56690000000031, -1.1000322957e-05
-8.56680000000031, -1.1110321793e-05
-8.56670000000031, -1.1023777006e-05
-8.56660000000031, -1.0954380741e-05
-8.56650000000031, -1.1089748114e-05
-8.56640000000031, -1.1032753719e-05
-8.56630000000031, -1.0930280951e-05
-8.566200000000311, -1.0905199815e-05
-8.566100000000311, -1.099608653e-05
-8.566000000000312, -1.0880055015e-05
-8.565900000000312, -1.0858180758e-05
-8.565800000000312, -1.0843632481e-05
-8.565700000000312, -1.0879448382e-05
-8.565600000000313, -1.0819969248e-05
-8.565500000000313, -1.0838531125e-05
-8.565400000000313, -1.0846834812e-05
-8.565300000000313, -1.0912627658e-05
-8.565200000000313, -1.0811074389e-05
-8.565100000000314, -1.0803872101e-05
-8.565000000000314, -1.0888430552e-05
-8.564900000000314, -1.0850081708e-05
-8.564800000000314, -1.0789552107e-05
-8.564700000000315, -1.0766277228e-05
-8.564600000000315, -1.0795087292e-05
-8.564500000000315, -1.0714654309e-05
-8.564400000000315, -1.0739693607e-05
-8.564300000000316, -1.071722636e-05
-8.564200000000316, -1.0705838577e-05
-8.564100000000316, -1.069600512e-05
-8.564000000000316, -1.0711560208e-05
-8.563900000000316, -1.0632447811e-05
-8.563800000000317, -1.0612130609e-05
-8.563700000000317, -1.0648190255e-05
-8.563600000000317, -1.0681709682e-05
-8.563500000000317, -1.0606065189e-05
-8.563400000000318, -1.0623271919e-05
-8.563300000000318, -1.0661891793e-05
-8.563200000000318, -1.0633732018e-05
-8.563100000000318, -1.0591323189e-05
-8.563000000000319, -1.0620116882e-05
-8.562900000000319, -1.0637116247e-05
-8.562800000000319, -1.0613682207e-05
-8.56270000000032, -1.0627147276e-05
-8.56260000000032, -1.0619529348e-05
-8.56250000000032, -1.065264405e-05
-8.56240000000032, -1.0736096556e-05
-8.56230000000032, -1.0662968634e-05
-8.56220000000032, -1.0635322724e-05
-8.56210000000032, -1.0658853171e-05
-8.562000000000321, -1.078306741e-05
-8.561900000000321, -1.0756955817e-05
-8.561800000000321, -1.0688940165e-05
-8.561700000000322, -1.0737850062e-05
-8.561600000000322, -1.0804216799e-05
-8.561500000000322, -1.0760512851e-05
-8.561400000000322, -1.0748655768e-05
-8.561300000000323, -1.085286749e-05
-8.561200000000323, -1.0845530596e-05
-8.561100000000323, -1.0751210539e-05
-8.561000000000323, -1.0729670976e-05
-8.560900000000323, -1.0902823306e-05
-8.560800000000324, -1.080020138e-05
-8.560700000000324, -1.0726345863e-05
-8.560600000000324, -1.0750060937e-05
-8.560500000000324, -1.0813358131e-05
-8.560400000000325, -1.0706193279e-05
-8.560300000000325, -1.0606591786e-05
-8.560200000000325, -1.0664136425e-05
-8.560100000000325, -1.0658042811e-05
-8.560000000000326, -1.0614895473e-05
-8.559900000000326, -1.0572389328e-05
-8.559800000000326, -1.0659314285e-05
-8.559700000000326, -1.0580266462e-05
-8.559600000000327, -1.0517231203e-05
-8.559500000000327, -1.0504465536e-05
-8.559400000000327, -1.0567096979e-05
-8.559300000000327, -1.0505279533e-05
-8.559200000000327, -1.0473040675e-05
-8.559100000000328, -1.0484861377e-05
-8.559000000000328, -1.0498555639e-05
-8.558900000000328, -1.0477467185e-05
-8.558800000000328, -1.048444301e-05
-8.558700000000329, -1.0495905371e-05
-8.558600000000329, -1.0511248547e-05
-8.558500000000329, -1.0441807717e-05
-8.55840000000033, -1.0441059203e-05
-8.55830000000033, -1.049824823e-05
-8.55820000000033, -1.0449570254e-05
-8.55810000000033, -1.0431359442e-05
-8.55800000000033, -1.047333717e-05
-8.55790000000033, -1.0503847079e-05
-8.55780000000033, -1.0431462215e-05
-8.557700000000331, -1.0393841876e-05
-8.557600000000331, -1.0425500477e-05
-8.557500000000331, -1.0423043932e-05
-8.557400000000332, -1.0392013792e-05
-8.557300000000332, -1.0368999028e-05
-8.557200000000332, -1.0488915905e-05
-8.557100000000332, -1.0426039807e-05
-8.557000000000333, -1.0399625353e-05
-8.556900000000333, -1.0405495232e-05
-8.556800000000333, -1.0414340068e-05
-8.556700000000333, -1.038645496e-05
-8.556600000000333, -1.0398150152e-05
-8.556500000000334, -1.0384586858e-05
-8.556400000000334, -1.0388536793e-05
-8.556300000000334, -1.0425417713e-05
-8.556200000000334, -1.0473367183e-05
-8.556100000000335, -1.0403771739e-05
-8.556000000000335, -1.0447047316e-05
-8.555900000000335, -1.0474639566e-05
-8.555800000000335, -1.0448036846e-05
-8.555700000000336, -1.037889615e-05
-8.555600000000336, -1.0403507076e-05
-8.555500000000336, -1.0413168638e-05
-8.555400000000336, -1.0370063137e-05
-8.555300000000337, -1.03437078e-05
-8.555200000000337, -1.0365016351e-05
-8.555100000000337, -1.034869365e-05
-8.555000000000337, -1.0367713912e-05
-8.554900000000337, -1.0363333786e-05
-8.554800000000338, -1.0356189705e-05
-8.554700000000338, -1.0342045243e-05
-8.554600000000338, -1.0445761291e-05
-8.554500000000338, -1.0362963621e-05
-8.554400000000339, -1.0348722753e-05
-8.554300000000339, -1.0380485037e-05
-8.554200000000339, -1.0464968e-05
-8.55410000000034, -1.0373864825e-05
-8.55400000000034, -1.0345624105e-05
-8.55390000000034, -1.0433093848e-05
-8.55380000000034, -1.0443388419e-05
-8.55370000000034, -1.0391439901e-05
-8.55360000000034, -1.0388996088e-05
-8.55350000000034, -1.0510122593e-05
-8.553400000000341, -1.0460415979e-05
-8.553300000000341, -1.0401683539e-05
-8.553200000000341, -1.0433694115e-05
-8.553100000000342, -1.0535329238e-05
-8.553000000000342, -1.0438763638e-05
-8.552900000000342, -1.0393094271e-05
-8.552800000000342, -1.0563131582e-05
-8.552700000000343, -1.0549845683e-05
-8.552600000000343, -1.0414242752e-05
-8.552500000000343, -1.0313466191e-05
-8.552400000000343, -1.0432821e-05
-8.552300000000344, -1.0381456377e-05
-8.552200000000344, -1.0262824617e-05
-8.552100000000344, -1.0212408597e-05
-8.552000000000344, -1.0263445802e-05
-8.551900000000344, -1.0150397429e-05
-8.551800000000345, -1.0082513654e-05
-8.551700000000345, -1.0109182767e-05
-8.551600000000345, -1.0115815712e-05
-8.551500000000345, -1.0022815331e-05
-8.551400000000346, -1.0032978935e-05
-8.551300000000346, -1.0059413398e-05
-8.551200000000346, -1.0048014701e-05
-8.551100000000346, -1.005811373e-05
-8.551000000000347, -1.0077653315e-05
-8.550900000000347, -1.0109290997e-05
-8.550800000000347, -1.0101914995e-05
-8.550700000000347, -1.0135443517e-05
-8.550600000000347, -1.0119591934e-05
-8.550500000000348, -1.0115573787e-05
-8.550400000000348, -1.0122016647e-05
-8.550300000000348, -1.0131022464e-05
-8.550200000000348, -1.0143418876e-05
-8.550100000000349, -1.0157370525e-05
