#Voltage(V),Current(A)
-8.7, -4.5248956582e-08
-8.6999, -4.3230670599e-08
-8.6998, -4.223410599e-08
-8.6997, -3.9429945531e-08
-8.6996, -3.8921236012e-08
-8.6995, -3.8576967398e-08
-8.6994, -3.8226353638e-08
-8.699300000000001, -3.8517161016e-08
-8.699200000000001, -3.7304506151e-08
-8.699100000000001, -3.7178736534e-08
-8.699000000000002, -3.7467398073e-08
-8.698900000000002, -3.7275398768e-08
-8.698800000000002, -3.7488156579e-08
-8.698700000000002, -3.6470037656e-08
-8.698600000000003, -3.6441278439e-08
-8.698500000000003, -3.6269359072e-08
-8.698400000000003, -3.6384825819e-08
-8.698300000000003, -3.6266225578e-08
-8.698200000000003, -3.5973208412e-08
-8.698100000000004, -3.5791803299e-08
-8.698000000000004, -3.5590286274e-08
-8.697900000000004, -3.5330845805e-08
-8.697800000000004, -3.5335656179e-08
-8.697700000000005, -3.5059304793e-08
-8.697600000000005, -3.4843566254e-08
-8.697500000000005, -3.5016441302e-08
-8.697400000000005, -3.4660139647e-08
-8.697300000000006, -3.480854005e-08
-8.697200000000006, -3.4503337076e-08
-8.697100000000006, -3.4579148434e-08
-8.697000000000006, -3.4296029128e-08
-8.696900000000007, -3.4348349942e-08
-8.696800000000007, -3.4053297071e-08
-8.696700000000007, -3.3866687232e-08
-8.696600000000007, -3.3963829082e-08
-8.696500000000007, -3.3782061593e-08
-8.696400000000008, -3.3664356636e-08
-8.696300000000008, -3.3625848772e-08
-8.696200000000008, -3.3258405807e-08
-8.696100000000008, -3.3225319385e-08
-8.696000000000009, -3.3043455971e-08
-8.695900000000009, -3.2868733513e-08
-8.695800000000009, -3.294167783e-08
-8.69570000000001, -3.2901915858e-08
-8.69560000000001, -3.2770120839e-08
-8.69550000000001, -3.2782988768e-08
-8.69540000000001, -3.2562386565e-08
-8.69530000000001, -3.2551668028e-08
-8.69520000000001, -3.2525310445e-08
-8.69510000000001, -3.2450113707e-08
-8.695000000000011, -3.2591472632e-08
-8.694900000000011, -3.2525427685e-08
-8.694800000000011, -3.2652803128e-08
-8.694700000000012, -3.2214774848e-08
-8.694600000000012, -3.2304217967e-08
-8.694500000000012, -3.2378725479e-08
-8.694400000000012, -3.204409893e-08
-8.694300000000013, -3.2045257115e-08
-8.694200000000013, -3.1980277981e-08
-8.694100000000013, -3.1987685389e-08
-8.694000000000013, -3.1805061695e-08
-8.693900000000014, -3.1898693464e-08
-8.693800000000014, -3.1779606502e-08
-8.693700000000014, -3.1541027568e-08
-8.693600000000014, -3.1764113118e-08
-8.693500000000014, -3.172171148e-08
-8.693400000000015, -3.1939517697e-08
-8.693300000000015, -3.1885555529e-08
-8.693200000000015, -3.1549390656e-08
-8.693100000000015, -3.124404202e-08
-8.693000000000016, -3.121153469e-08
-8.692900000000016, -3.1334128181e-08
-8.692800000000016, -3.1373016185e-08
-8.692700000000016, -3.1896256303e-08
-8.692600000000017, -3.1375417819e-08
-8.692500000000017, -3.1182750604e-08
-8.692400000000017, -3.1378320386e-08
-8.692300000000017, -3.1230094066e-08
-8.692200000000017, -3.1138618795e-08
-8.692100000000018, -3.0974256049e-08
-8.692000000000018, -3.1088539743e-08
-8.691900000000018, -3.0862523204e-08
-8.691800000000018, -3.0810486606e-08
-8.691700000000019, -3.0468214618e-08
-8.691600000000019, -3.0430729936e-08
-8.691500000000019, -3.041350638e-08
-8.69140000000002, -3.0522713246e-08
-8.69130000000002, -3.0435607812e-08
-8.69120000000002, -3.0442006249e-08
-8.69110000000002, -3.0470292955e-08
-8.69100000000002, -3.0502189219e-08
-8.69090000000002, -3.0450934219e-08
-8.69080000000002, -3.0631561287e-08
-8.690700000000021, -3.0306928522e-08
-8.690600000000021, -3.0295673525e-08
-8.690500000000021, -2.986503489e-08
-8.690400000000022, -3.0076805047e-08
-8.690300000000022, -3.0260878248e-08
-8.690200000000022, -3.0287374386e-08
-8.690100000000022, -3.0341979596e-08
-8.690000000000023, -3.0306662069e-08
-8.689900000000023, -3.0243402449e-08
-8.689800000000023, -3.018625705e-08
-8.689700000000023, -2.9830541592e-08
-8.689600000000024, -2.9873980623e-08
-8.689500000000024, -3.010010019e-08
-8.689400000000024, -3.0626875258e-08
-8.689300000000024, -3.0381762883e-08
-8.689200000000024, -2.9836009219e-08
-8.689100000000025, -2.9863521434e-08
-8.689000000000025, -2.9791692668e-08
-8.688900000000025, -2.9892696318e-08
-8.688800000000025, -2.9734565032e-08
-8.688700000000026, -2.9414749747e-08
-8.688600000000026, -2.9710196969e-08
-8.688500000000026, -3.0184761357e-08
-8.688400000000026, -3.0427756315e-08
-8.688300000000027, -3.0323910494e-08
-8.688200000000027, -2.9796972001e-08
-8.688100000000027, -2.9769124055e-08
-8.688000000000027, -2.9650616185e-08
-8.687900000000027, -2.9511159738e-08
-8.687800000000028, -2.942876165e-08
-8.687700000000028, -2.9120847955e-08
-8.687600000000028, -2.9026193005e-08
-8.687500000000028, -2.9106699273e-08
-8.687400000000029, -2.9000977619e-08
-8.687300000000029, -2.8345349179e-08
-8.68720000000003, -2.9009816771e-08
-8.68710000000003, -2.8992038992e-08
-8.68700000000003, -2.9060839069e-08
-8.68690000000003, -2.9097241949e-08
-8.68680000000003, -2.9361705955e-08
-8.68670000000003, -2.9303976135e-08
-8.68660000000003, -2.9396435508e-08
-8.68650000000003, -2.9333943274e-08
-8.686400000000031, -2.9413943281e-08
-8.686300000000031, -2.9132404933e-08
-8.686200000000031, -2.8635085414e-08
-8.686100000000032, -2.8782045192e-08
-8.686000000000032, -2.8642848093e-08
-8.685900000000032, -2.8698114107e-08
-8.685800000000032, -2.868871718e-08
-8.685700000000033, -2.8333719371e-08
-8.685600000000033, -2.8391962559e-08
-8.685500000000033, -2.8458369883e-08
-8.685400000000033, -2.8486082826e-08
-8.685300000000034, -2.85005477e-08
-8.685200000000034, -2.8629036919e-08
-8.685100000000034, -2.8461572654e-08
-8.685000000000034, -2.8325404244e-08
-8.684900000000034, -2.8310921607e-08
-8.684800000000035, -2.9178519156e-08
-8.684700000000035, -2.8147452369e-08
-8.684600000000035, -2.8193847257e-08
-8.684500000000035, -2.8455657386e-08
-8.684400000000036, -2.8096289739e-08
-8.684300000000036, -2.8278078545e-08
-8.684200000000036, -2.8206304847e-08
-8.684100000000036, -2.8166196486e-08
-8.684000000000037, -2.815960265e-08
-8.683900000000037, -2.8178659406e-08
-8.683800000000037, -2.8316589962e-08
-8.683700000000037, -2.8127116636e-08
-8.683600000000038, -2.8102931537e-08
-8.683500000000038, -2.8199163893e-08
-8.683400000000038, -2.8113294803e-08
-8.683300000000038, -2.8112953743e-08
-8.683200000000038, -2.8054333967e-08
-8.683100000000039, -2.805320598e-08
-8.683000000000039, -2.8051482914e-08
-8.68290000000004, -2.8102450145e-08
-8.68280000000004, -2.7994561336e-08
-8.68270000000004, -2.7747057985e-08
-8.68260000000004, -2.7706963834e-08
-8.68250000000004, -2.7573596739e-08
-8.68240000000004, -2.7673936032e-08
-8.68230000000004, -2.7611172015e-08
-8.68220000000004, -2.7724443186e-08
-8.682100000000041, -2.76397909e-08
-8.682000000000041, -2.7672674818e-08
-8.681900000000041, -2.7655033819e-08
-8.681800000000042, -2.769989571e-08
-8.681700000000042, -2.7639055489e-08
-8.681600000000042, -2.7579453388e-08
-8.681500000000042, -2.7618833442e-08
-8.681400000000043, -2.7673255687e-08
-8.681300000000043, -2.7735483243e-08
-8.681200000000043, -2.783641051e-08
-8.681100000000043, -2.7719512019e-08
-8.681000000000044, -2.7676234637e-08
-8.680900000000044, -2.764674889e-08
-8.680800000000044, -2.7636289701e-08
-8.680700000000044, -2.7549077686e-08
-8.680600000000045, -2.7568299643e-08
-8.680500000000045, -2.7599208252e-08
-8.680400000000045, -2.7544317049e-08
-8.680300000000045, -2.7561368299e-08
-8.680200000000045, -2.7552793824e-08
-8.680100000000046, -2.7499378774e-08
-8.680000000000046, -2.752375039e-08
-8.679900000000046, -2.7499245547e-08
-8.679800000000046, -2.7422162319e-08
-8.679700000000047, -2.7311759965e-08
-8.679600000000047, -2.7304528416e-08
-8.679500000000047, -2.7312712092e-08
-8.679400000000047, -2.7212355036e-08
-8.679300000000048, -2.7344936981e-08
-8.679200000000048, -2.6869042102e-08
-8.679100000000048, -2.6687771992e-08
-8.679000000000048, -2.6878428372e-08
-8.678900000000048, -2.7098026933e-08
-8.678800000000049, -2.7120444557e-08
-8.678700000000049, -2.7266093383e-08
-8.67860000000005, -2.7414497339e-08
-8.67850000000005, -2.7394237989e-08
-8.67840000000005, -2.7225173227e-08
-8.67830000000005, -2.7165617311e-08
-8.67820000000005, -2.6889244609e-08
-8.67810000000005, -2.6777879469e-08
-8.67800000000005, -2.6778481654e-08
-8.67790000000005, -2.6647915874e-08
-8.677800000000051, -2.66753446e-08
-8.677700000000051, -2.6655609275e-08
-8.677600000000051, -2.6552944732e-08
-8.677500000000052, -2.6746059589e-08
-8.677400000000052, -2.6694069177e-08
-8.677300000000052, -2.6737398073e-08
-8.677200000000052, -2.6543998999e-08
-8.677100000000053, -2.6537520625e-08
-8.677000000000053, -2.6538168996e-08
-8.676900000000053, -2.6615968096e-08
-8.676800000000053, -2.6558158339e-08
-8.676700000000054, -2.66330904e-08
-8.676600000000054, -2.6544091369e-08
-8.676500000000054, -2.6374252116e-08
-8.676400000000054, -2.6503217398e-08
-8.676300000000055, -2.6481783877e-08
-8.676200000000055, -2.6611735038e-08
-8.676100000000055, -2.6894326766e-08
-8.676000000000055, -2.6733626868e-08
-8.675900000000055, -2.6753150806e-08
-8.675800000000056, -2.6715792245e-08
-8.675700000000056, -2.6361032468e-08
-8.675600000000056, -2.632136642e-08
-8.675500000000056, -2.6364382677e-08
-8.675400000000057, -2.6447484203e-08
-8.675300000000057, -2.6379190388e-08
-8.675200000000057, -2.6372036999e-08
-8.675100000000057, -2.6428731204e-08
-8.675000000000058, -2.6420028831e-08
-8.674900000000058, -2.6358780048e-08
-8.674800000000058, -2.6380236662e-08
-8.674700000000058, -2.6248084595e-08
-8.674600000000058, -2.6222815919e-08
-8.674500000000059, -2.6269050935e-08
-8.674400000000059, -2.5451502239e-08
-8.67430000000006, -2.6149399091e-08
-8.67420000000006, -2.6229946215e-08
-8.67410000000006, -2.6091697691e-08
-8.67400000000006, -2.6285102095e-08
-8.67390000000006, -2.6306846479e-08
-8.67380000000006, -2.6329658454e-08
-8.67370000000006, -2.5897110234e-08
-8.67360000000006, -2.5944693505e-08
-8.673500000000061, -2.5808464699e-08
-8.673400000000061, -2.5836289552e-08
-8.673300000000062, -2.5946507165e-08
-8.673200000000062, -2.6031779399e-08
-8.673100000000062, -2.5973973194e-08
-8.673000000000062, -2.6046885537e-08
-8.672900000000062, -2.5991910846e-08
-8.672800000000063, -2.59031534e-08
-8.672700000000063, -2.5791168312e-08
-8.672600000000063, -2.6069896464e-08
-8.672500000000063, -2.5934921766e-08
-8.672400000000064, -2.5953287519e-08
-8.672300000000064, -2.5973704965e-08
-8.672200000000064, -2.5652569846e-08
-8.672100000000064, -2.5615680244e-08
-8.672000000000065, -2.5644602886e-08
-8.671900000000065, -2.5672934001e-08
-8.671800000000065, -2.5765213962e-08
-8.671700000000065, -2.5901442768e-08
-8.671600000000065, -2.581139924e-08
-8.671500000000066, -2.5669120163e-08
-8.671400000000066, -2.5631091916e-08
-8.671300000000066, -2.5684160576e-08
-8.671200000000066, -2.5745878318e-08
-8.671100000000067, -2.584255121e-08
-8.671000000000067, -2.5721149655e-08
-8.670900000000067, -2.5934250303e-08
-8.670800000000067, -2.5807930015e-08
-8.670700000000068, -2.558684109e-08
-8.670600000000068, -2.5425835659e-08
-8.670500000000068, -2.5465604736e-08
-8.670400000000068, -2.5620584765e-08
-8.670300000000069, -2.5550480842e-08
-8.670200000000069, -2.5393323e-08
-8.670100000000069, -2.5473894993e-08
-8.67000000000007, -2.5608263954e-08
-8.66990000000007, -2.5635886303e-08
-8.66980000000007, -2.5470935583e-08
-8.66970000000007, -2.5601949005e-08
-8.66960000000007, -2.5575156215e-08
-8.66950000000007, -2.5271189585e-08
-8.66940000000007, -2.522028808e-08
-8.66930000000007, -2.5286283289e-08
-8.669200000000071, -2.5497882916e-08
-8.669100000000071, -2.5357925537e-08
-8.669000000000072, -2.5101483558e-08
-8.668900000000072, -2.4998852766e-08
-8.668800000000072, -2.499192675e-08
-8.668700000000072, -2.516138764e-08
-8.668600000000072, -2.5124784031e-08
-8.668500000000073, -2.5115857838e-08
-8.668400000000073, -2.4961321898e-08
-8.668300000000073, -2.5163853223e-08
-8.668200000000073, -2.5060362674e-08
-8.668100000000074, -2.5068846554e-08
-8.668000000000074, -2.5004997184e-08
-8.667900000000074, -2.5039838647e-08
-8.667800000000074, -2.516654618e-08
-8.667700000000075, -2.499695384e-08
-8.667600000000075, -2.4971566148e-08
-8.667500000000075, -2.4924007747e-08
-8.667400000000075, -2.4946189114e-08
-8.667300000000075, -2.4896319673e-08
-8.667200000000076, -2.4991923198e-08
-8.667100000000076, -2.4936444021e-08
-8.667000000000076, -2.513373154e-08
-8.666900000000076, -2.5029802231e-08
-8.666800000000077, -2.5019993188e-08
-8.666700000000077, -2.4929894593e-08
-8.666600000000077, -2.5037186546e-08
-8.666500000000077, -2.4927137687e-08
-8.666400000000078, -2.4841567026e-08
-8.666300000000078, -2.4716268143e-08
-8.666200000000078, -2.4851052771e-08
-8.666100000000078, -2.4877214955e-08
-8.666000000000079, -2.479231398e-08
-8.665900000000079, -2.4895516759e-08
-8.665800000000079, -2.4866391612e-08
-8.66570000000008, -2.4797946807e-08
-8.66560000000008, -2.4728187498e-08
-8.66550000000008, -2.4576905844e-08
-8.66540000000008, -2.4614404737e-08
-8.66530000000008, -2.461545634e-08
-8.66520000000008, -2.461196047e-08
-8.66510000000008, -2.4682671906e-08
-8.66500000000008, -2.4660412379e-08
-8.664900000000081, -2.4497238016e-08
-8.664800000000081, -2.4378319807e-08
-8.664700000000082, -2.4545327548e-08
-8.664600000000082, -2.4623460604e-08
-8.664500000000082, -2.4625689932e-08
-8.664400000000082, -2.4589363434e-08
-8.664300000000082, -2.4604988269e-08
-8.664200000000083, -2.4655445685e-08
-8.664100000000083, -2.4604716486e-08
-8.664000000000083, -2.4423371769e-08
-8.663900000000083, -2.4365471418e-08
-8.663800000000084, -2.4225872863e-08
-8.663700000000084, -2.4081998617e-08
-8.663600000000084, -2.4290670808e-08
-8.663500000000084, -2.4322771353e-08
-8.663400000000085, -2.43834819e-08
-8.663300000000085, -2.4212885918e-08
-8.663200000000085, -2.4202266857e-08
-8.663100000000085, -2.3912456015e-08
-8.663000000000086, -2.4150674349e-08
-8.662900000000086, -2.4246501695e-08
-8.662800000000086, -2.4410731214e-08
-8.662700000000086, -2.4471630056e-08
-8.662600000000086, -2.4222808648e-08
-8.662500000000087, -2.422696177e-08
-8.662400000000087, -2.4227711393e-08
-8.662300000000087, -2.4239483309e-08
-8.662200000000087, -2.4210528693e-08
-8.662100000000088, -2.417308842e-08
-8.662000000000088, -2.4158573808e-08
-8.661900000000088, -2.4070635263e-08
-8.661800000000088, -2.4130878629e-08
-8.661700000000089, -2.3950725847e-08
-8.661600000000089, -2.3918630632e-08
-8.661500000000089, -2.3930233795e-08
-8.66140000000009, -2.3959053408e-08
-8.66130000000009, -2.4002714483e-08
-8.66120000000009, -2.3835969643e-08
-8.66110000000009, -2.3895630363e-08
-8.66100000000009, -2.382938824e-08
-8.66090000000009, -2.3832303242e-08
-8.66080000000009, -2.3750747147e-08
-8.66070000000009, -2.3770954982e-08
-8.660600000000091, -2.3846794761e-08
-8.660500000000091, -2.3768208735e-08
-8.660400000000092, -2.3853022668e-08
-8.660300000000092, -2.3799108462e-08
-8.660200000000092, -2.3789983317e-08
-8.660100000000092, -2.3798783388e-08
-8.660000000000093, -2.3743231381e-08
-8.659900000000093, -2.3824677342e-08
-8.659800000000093, -2.373093011e-08
-8.659700000000093, -2.3684108896e-08
-8.659600000000093, -2.3605666755e-08
-8.659500000000094, -2.3649834091e-08
-8.659400000000094, -2.3662460436e-08
-8.659300000000094, -2.3598026644e-08
-8.659200000000094, -2.3576015806e-08
-8.659100000000095, -2.3513802461e-08
-8.659000000000095, -2.367201013e-08
-8.658900000000095, -2.3658403236e-08
-8.658800000000095, -2.3672676264e-08
-8.658700000000096, -2.3568114571e-08
-8.658600000000096, -2.3476236066e-08
-8.658500000000096, -2.3565329244e-08
-8.658400000000096, -2.3515973169e-08
-8.658300000000096, -2.3633720758e-08
-8.658200000000097, -2.3497754853e-08
-8.658100000000097, -2.3480184907e-08
-8.658000000000097, -2.3472647825e-08
-8.657900000000097, -2.3442343178e-08
-8.657800000000098, -2.3560517093e-08
-8.657700000000098, -2.3408778915e-08
-8.657600000000098, -2.3489011625e-08
-8.657500000000098, -2.3346073519e-08
-8.657400000000099, -2.3382083825e-08
-8.657300000000099, -2.3388775361e-08
-8.657200000000099, -2.3193662102e-08
-8.6571000000001, -2.324158288e-08
-8.6570000000001, -2.323753634e-08
-8.6569000000001, -2.3337575428e-08
-8.6568000000001, -2.3305283037e-08
-8.6567000000001, -2.3441062424e-08
-8.6566000000001, -2.3297447527e-08
-8.6565000000001, -2.3297637597e-08
-8.656400000000101, -2.3335768873e-08
-8.656300000000101, -2.3234001389e-08
-8.656200000000101, -2.3245050329e-08
-8.656100000000102, -2.3195896759e-08
-8.656000000000102, -2.3321039322e-08
-8.655900000000102, -2.3271859106e-08
-8.655800000000102, -2.3205412703e-08
-8.655700000000103, -2.3167965324e-08
-8.655600000000103, -2.316470038e-08
-8.655500000000103, -2.3280074757e-08
-8.655400000000103, -2.3366599322e-08
-8.655300000000103, -2.3391582005e-08
-8.655200000000104, -2.3179948627e-08
-8.655100000000104, -2.3197030075e-08
-8.655000000000104, -2.3195061871e-08
-8.654900000000104, -2.3164446361e-08
-8.654800000000105, -2.3179936193e-08
-8.654700000000105, -2.3115884318e-08
-8.654600000000105, -2.2976387015e-08
-8.654500000000105, -2.2931917698e-08
-8.654400000000106, -2.2949622647e-08
-8.654300000000106, -2.3301879537e-08
-8.654200000000106, -2.3018026596e-08
-8.654100000000106, -2.3094905544e-08
-8.654000000000106, -2.3077424416e-08
-8.653900000000107, -2.2976138325e-08
-8.653800000000107, -2.2993644322e-08
-8.653700000000107, -2.2955761736e-08
-8.653600000000107, -2.3001350158e-08
-8.653500000000108, -2.2900831453e-08
-8.653400000000108, -2.2940021438e-08
-8.653300000000108, -2.2865371818e-08
-8.653200000000108, -2.2733544824e-08
-8.653100000000109, -2.2756365681e-08
-8.653000000000109, -2.2791029508e-08
-8.652900000000109, -2.2717944859e-08
-8.65280000000011, -2.2745620498e-08
-8.65270000000011, -2.2670256783e-08
-8.65260000000011, -2.268871846e-08
-8.65250000000011, -2.2684067957e-08
-8.65240000000011, -2.2584448089e-08
-8.65230000000011, -2.2353075835e-08
-8.65220000000011, -2.2420906021e-08
-8.652100000000111, -2.2521115639e-08
-8.652000000000111, -2.2550596057e-08
-8.651900000000111, -2.2551112977e-08
-8.651800000000112, -2.2616202244e-08
-8.651700000000112, -2.2668807276e-08
-8.651600000000112, -2.2653631859e-08
-8.651500000000112, -2.2664520927e-08
-8.651400000000113, -2.2621604145e-08
-8.651300000000113, -2.2696770685e-08
-8.651200000000113, -2.2460557858e-08
-8.651100000000113, -2.2582943515e-08
-8.651000000000113, -2.255829834e-08
-8.650900000000114, -2.2591022386e-08
-8.650800000000114, -2.2600815441e-08
-8.650700000000114, -2.2482739226e-08
-8.650600000000114, -2.2541337685e-08
-8.650500000000115, -2.2469762939e-08
-8.650400000000115, -2.2490901586e-08
-8.650300000000115, -2.2430608482e-08
-8.650200000000115, -2.2263238364e-08
-8.650100000000116, -2.2404945454e-08
-8.650000000000116, -2.2495708407e-08
-8.649900000000116, -2.2512111286e-08
-8.649800000000116, -2.2459561322e-08
-8.649700000000117, -2.2458751303e-08
-8.649600000000117, -2.2445423298e-08
-8.649500000000117, -2.2427505186e-08
-8.649400000000117, -2.2455306947e-08
-8.649300000000117, -2.2396669408e-08
-8.649200000000118, -2.2450494797e-08
-8.649100000000118, -2.2355996165e-08
-8.649000000000118, -2.2462256055e-08
-8.648900000000118, -2.2406263511e-08
-8.648800000000119, -2.2432741886e-08
-8.648700000000119, -2.2181360748e-08
-8.648600000000119, -2.2206686268e-08
-8.64850000000012, -2.2210732809e-08
-8.64840000000012, -2.2159529323e-08
-8.64830000000012, -2.2167572666e-08
-8.64820000000012, -2.2253336951e-08
-8.64810000000012, -2.2261545496e-08
-8.64800000000012, -2.2251017029e-08
-8.64790000000012, -2.2551919443e-08
-8.647800000000121, -2.2365561847e-08
-8.647700000000121, -2.200635052e-08
-8.647600000000121, -2.2127478516e-08
-8.647500000000122, -2.2118332055e-08
-8.647400000000122, -2.224470208e-08
-8.647300000000122, -2.2197777838e-08
-8.647200000000122, -2.2129142963e-08
-8.647100000000123, -2.2155163037e-08
-8.647000000000123, -2.2071031225e-08
-8.646900000000123, -2.2023884938e-08
-8.646800000000123, -2.1885083967e-08
-8.646700000000124, -2.2157728097e-08
-8.646600000000124, -2.2152551793e-08
-8.646500000000124, -2.2208901385e-08
-8.646400000000124, -2.2322581117e-08
-8.646300000000124, -2.2192971016e-08
-8.646200000000125, -2.2205250971e-08
-8.646100000000125, -2.21373746e-08
-8.646000000000125, -2.2045375303e-08
-8.645900000000125, -2.2097440322e-08
-8.645800000000126, -2.1997916377e-08
-8.645700000000126, -2.1989968957e-08
-8.645600000000126, -2.1985142595e-08
-8.645500000000126, -2.2023534996e-08
-8.645400000000127, -2.2057820459e-08
-8.645300000000127, -2.2041611203e-08
-8.645200000000127, -2.1910970815e-08
-8.645100000000127, -2.1981009013e-08
-8.645000000000127, -2.1948734386e-08
-8.644900000000128, -2.1950558704e-08
-8.644800000000128, -2.179778491e-08
-8.644700000000128, -2.2197513161e-08
-8.644600000000128, -2.2219271756e-08
-8.644500000000129, -2.2184815762e-08
-8.644400000000129, -2.204982863e-08
-8.644300000000129, -2.1916841675e-08
-8.64420000000013, -2.180004266e-08
-8.64410000000013, -2.1946096496e-08
-8.64400000000013, -2.1860692812e-08
-8.64390000000013, -2.1882092582e-08
-8.64380000000013, -2.194687454e-08
-8.64370000000013, -2.1796369154e-08
-8.64360000000013, -2.1838518549e-08
-8.643500000000131, -2.184011727e-08
-8.643400000000131, -2.1925931293e-08
-8.643300000000131, -2.1867718303e-08
-8.643200000000132, -2.1707172948e-08
-8.643100000000132, -2.1685107043e-08
-8.643000000000132, -2.1660454763e-08
-8.642900000000132, -2.1692889263e-08
-8.642800000000133, -2.1674084749e-08
-8.642700000000133, -2.1659614546e-08
-8.642600000000133, -2.1688183693e-08
-8.642500000000133, -2.1714894771e-08
-8.642400000000134, -2.1918300064e-08
-8.642300000000134, -2.1767425196e-08
-8.642200000000134, -2.1658573601e-08
-8.642100000000134, -2.1607386103e-08
-8.642000000000134, -2.1664197547e-08
-8.641900000000135, -2.155644907e-08
-8.641800000000135, -2.1611734624e-08
-8.641700000000135, -2.1512160941e-08
-8.641600000000135, -2.1542131634e-08
-8.641500000000136, -2.1497042368e-08
-8.641400000000136, -2.1547460705e-08
-8.641300000000136, -2.1445552889e-08
-8.641200000000136, -2.1257863025e-08
-8.641100000000137, -2.1422703611e-08
-8.641000000000137, -2.1563799635e-08
-8.640900000000137, -2.1485689672e-08
-8.640800000000137, -2.1574237508e-08
-8.640700000000137, -2.1553026031e-08
-8.640600000000138, -2.1451860732e-08
-8.640500000000138, -2.1529658056e-08
-8.640400000000138, -2.1526153304e-08
-8.640300000000138, -2.1561287866e-08
-8.640200000000139, -2.1355599955e-08
-8.640100000000139, -2.1232157366e-08
-8.64000000000014, -2.1237804404e-08
-8.63990000000014, -2.1184389354e-08
-8.63980000000014, -2.1353329771e-08
-8.63970000000014, -2.1470897948e-08
-8.63960000000014, -2.1568032693e-08
-8.63950000000014, -2.1533157479e-08
-8.63940000000014, -2.1490356161e-08
-8.63930000000014, -2.1343385725e-08
-8.639200000000141, -2.1455118571e-08
-8.639100000000141, -2.137409183e-08
-8.639000000000141, -2.1461733724e-08
-8.638900000000142, -2.1442136955e-08
-8.638800000000142, -2.1400488492e-08
-8.638700000000142, -2.1401156403e-08
-8.638600000000142, -2.1271597817e-08
-8.638500000000143, -2.1449009679e-08
-8.638400000000143, -2.1358259161e-08
-8.638300000000143, -2.1540410344e-08
-8.638200000000143, -2.121500664e-08
-8.638100000000144, -2.1186027155e-08
-8.638000000000144, -2.1307485554e-08
-8.637900000000144, -2.1308819598e-08
-8.637800000000144, -2.1454749088e-08
-8.637700000000144, -2.144201261e-08
-8.637600000000145, -2.151916334e-08
-8.637500000000145, -2.1291635122e-08
-8.637400000000145, -2.1252779092e-08
-8.637300000000145, -2.1230249558e-08
-8.637200000000146, -2.127094767e-08
-8.637100000000146, -2.1153812924e-08
-8.637000000000146, -2.1183911514e-08
-8.636900000000146, -2.1255928573e-08
-8.636800000000147, -2.1184405341e-08
-8.636700000000147, -2.1244568771e-08
-8.636600000000147, -2.1088981228e-08
-8.636500000000147, -2.1109810788e-08
-8.636400000000148, -2.0922430011e-08
-8.636300000000148, -2.093596585e-08
-8.636200000000148, -2.1218536261e-08
-8.636100000000148, -2.1045904575e-08
-8.636000000000148, -2.1106254522e-08
-8.635900000000149, -2.1047769749e-08
-8.635800000000149, -2.1038466969e-08
-8.63570000000015, -2.126941645e-08
-8.63560000000015, -2.1040470699e-08
-8.63550000000015, -2.1157875452e-08
-8.63540000000015, -2.1185682542e-08
-8.63530000000015, -2.1121973504e-08
-8.63520000000015, -2.1076967727e-08
-8.63510000000015, -2.1093896407e-08
-8.63500000000015, -2.1077923407e-08
-8.634900000000151, -2.1102534831e-08
-8.634800000000151, -2.0991976157e-08
-8.634700000000151, -2.0777765286e-08
-8.634600000000152, -2.0796628419e-08
-8.634500000000152, -2.0867705786e-08
-8.634400000000152, -2.0936203882e-08
-8.634300000000152, -2.0920614574e-08
-8.634200000000153, -2.0762916719e-08
-8.634100000000153, -2.0692588976e-08
-8.634000000000153, -2.0737427775e-08
-8.633900000000153, -2.0855010163e-08
-8.633800000000154, -2.0969929793e-08
-8.633700000000154, -2.0866881556e-08
-8.633600000000154, -2.0851903315e-08
-8.633500000000154, -2.0832965575e-08
-8.633400000000155, -2.0834704628e-08
-8.633300000000155, -2.0964195713e-08
-8.633200000000155, -2.1167251063e-08
-8.633100000000155, -2.0981900661e-08
-8.633000000000155, -2.0793066824e-08
-8.632900000000156, -2.0825599023e-08
-8.632800000000156, -2.0782321641e-08
-8.632700000000156, -2.0658251998e-08
-8.632600000000156, -2.0538768908e-08
-8.632500000000157, -2.0545286361e-08
-8.632400000000157, -2.070085614e-08
-8.632300000000157, -2.0721307337e-08
-8.632200000000157, -2.0650487542e-08
-8.632100000000158, -2.0629240538e-08
-8.632000000000158, -2.0724607808e-08
-8.631900000000158, -2.064710003e-08
-8.631800000000158, -2.0713935456e-08
-8.631700000000158, -2.069816496e-08
-8.631600000000159, -2.0716134586e-08
-8.631500000000159, -2.07561488e-08
-8.63140000000016, -2.0732207062e-08
-8.63130000000016, -2.0691182101e-08
-8.63120000000016, -2.061231541e-08
-8.63110000000016, -2.0802195522e-08
-8.63100000000016, -2.0729558514e-08
-8.63090000000016, -2.0679610913e-08
-8.63080000000016, -2.0765497766e-08
-8.63070000000016, -2.064192195e-08
-8.630600000000161, -2.0704005621e-08
-8.630500000000161, -2.0656525379e-08
-8.630400000000161, -2.0681419244e-08
-8.630300000000162, -2.0646206522e-08
-8.630200000000162, -2.054200543e-08
-8.630100000000162, -2.0528432287e-08
-8.630000000000162, -2.0454828942e-08
-8.629900000000163, -2.0563728498e-08
-8.629800000000163, -2.0480914742e-08
-8.629700000000163, -2.0518871935e-08
-8.629600000000163, -2.0414631763e-08
-8.629500000000164, -2.0429498093e-08
-8.629400000000164, -2.045933023e-08
-8.629300000000164, -2.0457642691e-08
-8.629200000000164, -2.0417473934e-08
-8.629100000000165, -2.0385137134e-08
-8.629000000000165, -2.0452164406e-08
-8.628900000000165, -2.0405609646e-08
-8.628800000000165, -2.0337296291e-08
-8.628700000000165, -2.0352622698e-08
-8.628600000000166, -2.0318827509e-08
-8.628500000000166, -2.0405215295e-08
-8.628400000000166, -2.0362293185e-08
-8.628300000000166, -2.0410364954e-08
-8.628200000000167, -2.018955314e-08
-8.628100000000167, -2.0250407573e-08
-8.628000000000167, -2.0239513177e-08
-8.627900000000167, -2.0206909923e-08
-8.627800000000168, -2.0236429421e-08
-8.627700000000168, -2.0304563364e-08
-8.627600000000168, -2.0359557595e-08
-8.627500000000168, -2.0302914905e-08
-8.627400000000168, -2.0363888353e-08
-8.627300000000169, -2.0361678565e-08
-8.627200000000169, -2.021298684e-08
-8.62710000000017, -2.0347123098e-08
-8.62700000000017, -2.0435102499e-08
-8.62690000000017, -2.0590658067e-08
-8.62680000000017, -2.0433629899e-08
-8.62670000000017, -2.0353624564e-08
-8.62660000000017, -2.0189602878e-08
-8.62650000000017, -2.0118228861e-08
-8.62640000000017, -2.0220435104e-08
-8.626300000000171, -2.0143280821e-08
-8.626200000000171, -2.0229853348e-08
-8.626100000000172, -2.0164572234e-08
-8.626000000000172, -2.0177449045e-08
-8.625900000000172, -2.0224362629e-08
-8.625800000000172, -2.0257338917e-08
-8.625700000000172, -2.0243978938e-08
-8.625600000000173, -2.0271075485e-08
-8.625500000000173, -2.0315868099e-08
-8.625400000000173, -2.0279538049e-08
-8.625300000000173, -2.0306996973e-08
-8.625200000000174, -2.0166176284e-08
-8.625100000000174, -2.0169126813e-08
-8.625000000000174, -2.010622957e-08
-8.624900000000174, -2.0113191113e-08
-8.624800000000175, -2.0067840723e-08
-8.624700000000175, -2.0162161718e-08
-8.624600000000175, -2.0052357996e-08
-8.624500000000175, -2.0047972171e-08
-8.624400000000175, -2.0052492999e-08
-8.624300000000176, -2.0100767273e-08
-8.624200000000176, -1.9922921979e-08
-8.624100000000176, -1.9950521235e-08
-8.624000000000176, -1.9946536867e-08
-8.623900000000177, -1.9962575593e-08
-8.623800000000177, -1.9939689011e-08
-8.623700000000177, -1.9919413674e-08
-8.623600000000177, -1.9915242788e-08
-8.623500000000178, -1.9948597441e-08
-8.623400000000178, -1.9746394742e-08
-8.623300000000178, -1.9538083151e-08
-8.623200000000178, -1.9920458172e-08
-8.623100000000179, -1.9937777651e-08
-8.623000000000179, -1.9864502931e-08
-8.622900000000179, -1.9865915135e-08
-8.62280000000018, -1.9878559243e-08
-8.62270000000018, -1.9799184514e-08
-8.62260000000018, -1.9746057234e-08
-8.62250000000018, -1.9790759254e-08
-8.62240000000018, -1.9745552748e-08
-8.62230000000018, -1.9810618923e-08
-8.62220000000018, -1.9954276453e-08
-8.62210000000018, -1.9947902885e-08
-8.622000000000181, -1.9836305043e-08
-8.621900000000181, -1.9852512523e-08
-8.621800000000182, -1.9855809441e-08
-8.621700000000182, -1.9815903585e-08
-8.621600000000182, -1.9822593345e-08
-8.621500000000182, -1.9793755968e-08
-8.621400000000182, -1.9826680742e-08
-8.621300000000183, -1.9796555506e-08
-8.621200000000183, -1.9885151303e-08
-8.621100000000183, -1.9894667247e-08
-8.621000000000183, -1.9735519885e-08
-8.620900000000184, -1.9863927392e-08
-8.620800000000184, -1.9904236481e-08
-8.620700000000184, -1.9859420775e-08
-8.620600000000184, -1.9787144367e-08
-8.620500000000185, -1.970296104e-08
-8.620400000000185, -1.9728483736e-08
-8.620300000000185, -1.9783639615e-08
-8.620200000000185, -1.9624486924e-08
-8.620100000000186, -1.9710473254e-08
-8.620000000000186, -1.9773995774e-08
-8.619900000000186, -1.9802875784e-08
-8.619800000000186, -1.9762021353e-08
-8.619700000000186, -1.9713157329e-08
-8.619600000000187, -1.9698278564e-08
-8.619500000000187, -1.9851549737e-08
-8.619400000000187, -1.9754605063e-08
-8.619300000000187, -1.9697948161e-08
-8.619200000000188, -1.9511116278e-08
-8.619100000000188, -1.9530993711e-08
-8.619000000000188, -1.9620429725e-08
-8.618900000000188, -1.9657077743e-08
-8.618800000000189, -1.9669077034e-08
-8.618700000000189, -1.9690050479e-08
-8.618600000000189, -1.9707291798e-08
-8.61850000000019, -1.9677925067e-08
-8.61840000000019, -1.959160123e-08
-8.61830000000019, -1.9537326423e-08
-8.61820000000019, -1.9543660912e-08
-8.61810000000019, -1.9502522264e-08
-8.61800000000019, -1.9495288939e-08
-8.61790000000019, -1.9200072643e-08
-8.61780000000019, -1.9624451397e-08
-8.617700000000191, -1.9503485049e-08
-8.617600000000191, -1.9556276598e-08
-8.617500000000192, -1.9710745036e-08
-8.617400000000192, -1.9687073305e-08
-8.617300000000192, -1.9682433461e-08
-8.617200000000192, -1.9624611269e-08
-8.617100000000192, -1.9536402718e-08
-8.617000000000193, -1.9554438069e-08
-8.616900000000193, -1.9559390552e-08
-8.616800000000193, -1.9521802841e-08
-8.616700000000193, -1.9576036792e-08
-8.616600000000194, -1.9579815103e-08
-8.616500000000194, -1.967610963e-08
-8.616400000000194, -1.9698408238e-08
-8.616300000000194, -1.9736747348e-08
-8.616200000000195, -1.988625975e-08
-8.616100000000195, -1.9912569371e-08
-8.616000000000195, -1.9798607198e-08
-8.615900000000195, -1.9594567746e-08
-8.615800000000196, -1.9536994245e-08
-8.615700000000196, -1.955210216e-08
-8.615600000000196, -1.961631213e-08
-8.615500000000196, -1.9541451124e-08
-8.615400000000196, -1.9552222952e-08
-8.615300000000197, -1.9531617212e-08
-8.615200000000197, -1.9471354307e-08
-8.615100000000197, -1.9483247016e-08
-8.615000000000197, -1.9482852665e-08
-8.614900000000198, -1.9512238936e-08
-8.614800000000198, -1.9494194703e-08
-8.614700000000198, -1.9508211935e-08
-8.614600000000198, -1.9508256344e-08
-8.614500000000199, -1.9490922654e-08
-8.614400000000199, -1.9519127648e-08
-8.614300000000199, -1.9519141858e-08
-8.6142000000002, -1.9508828331e-08
-8.6141000000002, -1.953176465e-08
-8.6140000000002, -1.9419132968e-08
-8.6139000000002, -1.9434201803e-08
-8.6138000000002, -1.9366227733e-08
-8.6137000000002, -1.9229752013e-08
-8.6136000000002, -1.9195326217e-08
-8.6135000000002, -1.9195940837e-08
-8.613400000000201, -1.9254802197e-08
-8.613300000000201, -1.9366048321e-08
-8.613200000000202, -1.943622685e-08
-8.613100000000202, -1.9393334938e-08
-8.613000000000202, -1.9435226761e-08
-8.612900000000202, -1.9393292305e-08
-8.612800000000203, -1.9341126034e-08
-8.612700000000203, -1.9386934724e-08
-8.612600000000203, -1.9347748292e-08
-8.612500000000203, -1.9414331476e-08
-8.612400000000203, -1.9334422063e-08
-8.612300000000204, -1.9308741273e-08
-8.612200000000204, -1.9178955313e-08
-8.612100000000204, -1.9154327902e-08
-8.612000000000204, -1.9110167671e-08
-8.611900000000205, -1.9120806272e-08
-8.611800000000205, -1.911034353e-08
-8.611700000000205, -1.9084399838e-08
-8.611600000000205, -1.9087224246e-08
-8.611500000000206, -1.9090309777e-08
-8.611400000000206, -1.9086440872e-08
-8.611300000000206, -1.9144200891e-08
-8.611200000000206, -1.916914627e-08
-8.611100000000206, -1.917021919e-08
-8.611000000000207, -1.8963007165e-08
-8.610900000000207, -1.913587333e-08
-8.610800000000207, -1.9190009581e-08
-8.610700000000207, -1.9120379946e-08
-8.610600000000208, -1.9186551015e-08
-8.610500000000208, -1.9170753873e-08
-8.610400000000208, -1.9103392646e-08
-8.610300000000208, -1.9130331097e-08
-8.610200000000209, -1.9118628458e-08
-8.610100000000209, -1.913398151e-08
-8.610000000000209, -1.9235729454e-08
-8.60990000000021, -1.9336061641e-08
-8.60980000000021, -1.9367604409e-08
-8.60970000000021, -1.920738768e-08
-8.60960000000021, -1.9079257285e-08
-8.60950000000021, -1.898636981e-08
-8.60940000000021, -1.8967698523e-08
-8.60930000000021, -1.8974063209e-08
-8.609200000000211, -1.9014391839e-08
-8.609100000000211, -1.8997978302e-08
-8.609000000000211, -1.9114246186e-08
-8.608900000000212, -1.9135857343e-08
-8.608800000000212, -1.9235335103e-08
-8.608700000000212, -1.9213372227e-08
-8.608600000000212, -1.9168698628e-08
-8.608500000000213, -1.9127954332e-08
-8.608400000000213, -1.8979516625e-08
-8.608300000000213, -1.9002085239e-08
-8.608200000000213, -1.9044966493e-08
-8.608100000000213, -1.9058138179e-08
-8.608000000000214, -1.9053151945e-08
-8.607900000000214, -1.9081710434e-08
-8.607800000000214, -1.8772517762e-08
-8.607700000000214, -1.9054926526e-08
-8.607600000000215, -1.910136227e-08
-8.607500000000215, -1.9085151237e-08
-8.607400000000215, -1.9018886022e-08
-8.607300000000215, -1.8931837431e-08
-8.607200000000216, -1.8915821798e-08
-8.607100000000216, -1.8900596643e-08
-8.607000000000216, -1.8946799685e-08
-8.606900000000216, -1.8968146165e-08
-8.606800000000216, -1.8935354618e-08
-8.606700000000217, -1.8978692395e-08
-8.606600000000217, -1.8894873222e-08
-8.606500000000217, -1.8939454449e-08
-8.606400000000217, -1.8940060187e-08
-8.606300000000218, -1.892261281e-08
-8.606200000000218, -1.8769531707e-08
-8.606100000000218, -1.8733455676e-08
-8.606000000000218, -1.8781038946e-08
-8.605900000000219, -1.8803444135e-08
-8.605800000000219, -1.8834620974e-08
-8.605700000000219, -1.8871693541e-08
-8.60560000000022, -1.885859291e-08
-8.60550000000022, -1.8896949783e-08
-8.60540000000022, -1.8851849859e-08
-8.60530000000022, -1.8881738839e-08
-8.60520000000022, -1.8758434805e-08
-8.60510000000022, -1.8785826228e-08
-8.60500000000022, -1.8780234257e-08
-8.604900000000221, -1.8820131231e-08
-8.604800000000221, -1.884746581e-08
-8.604700000000221, -1.885188361e-08
-8.604600000000222, -1.8863779871e-08
-8.604500000000222, -1.8834533932e-08
-8.604400000000222, -1.8806954216e-08
-8.604300000000222, -1.8810236924e-08
-8.604200000000223, -1.8731167728e-08
-8.604100000000223, -1.8814201752e-08
-8.604000000000223, -1.8764533039e-08
-8.603900000000223, -1.8835271121e-08
-8.603800000000223, -1.8767888577e-08
-8.603700000000224, -1.8812094993e-08
-8.603600000000224, -1.8766476373e-08
-8.603500000000224, -1.8817180703e-08
-8.603400000000224, -1.8805554447e-08
-8.603300000000225, -1.8808764324e-08
-8.603200000000225, -1.8682284164e-08
-8.603100000000225, -1.8623952158e-08
-8.603000000000225, -1.8604412233e-08
-8.602900000000226, -1.857048737e-08
-8.602800000000226, -1.8586831629e-08
-8.602700000000226, -1.8707970284e-08
-8.602600000000226, -1.8653649292e-08
-8.602500000000227, -1.8767879695e-08
-8.602400000000227, -1.8739362062e-08
-8.602300000000227, -1.8694443327e-08
-8.602200000000227, -1.8638875332e-08
-8.602100000000227, -1.8597658524e-08
-8.602000000000228, -1.8584801253e-08
-8.601900000000228, -1.8574780825e-08
-8.601800000000228, -1.8616757913e-08
-8.601700000000228, -1.8599985552e-08
-8.601600000000229, -1.8608464103e-08
-8.601500000000229, -1.8673064872e-08
-8.601400000000229, -1.8643760313e-08
-8.60130000000023, -1.8659346068e-08
-8.60120000000023, -1.8600701424e-08
-8.60110000000023, -1.8609766173e-08
-8.60100000000023, -1.8559475734e-08
-8.60090000000023, -1.8527892109e-08
-8.60080000000023, -1.8505064148e-08
-8.60070000000023, -1.8394633372e-08
-8.600600000000231, -1.8452768202e-08
-8.600500000000231, -1.839577024e-08
-8.600400000000231, -1.8461069118e-08
-8.600300000000232, -1.8325765794e-08
-8.600200000000232, -1.8401493662e-08
-8.600100000000232, -1.8630448295e-08
-8.600000000000232, -1.8724835016e-08
-8.599900000000233, -1.8559543236e-08
-8.599800000000233, -1.877828737e-08
-8.599700000000233, -1.8567023474e-08
-8.599600000000233, -1.8551773451e-08
-8.599500000000234, -1.8499722643e-08
-8.599400000000234, -1.8495567744e-08
-8.599300000000234, -1.8425485138e-08
-8.599200000000234, -1.8542507974e-08
-8.599100000000234, -1.8556686854e-08
-8.599000000000235, -1.8575498473e-08
-8.598900000000235, -1.8573839355e-08
-8.598800000000235, -1.8578422356e-08
-8.598700000000235, -1.8458731432e-08
-8.598600000000236, -1.8411347114e-08
-8.598500000000236, -1.8424897164e-08
-8.598400000000236, -1.8278978331e-08
-8.598300000000236, -1.8320761797e-08
-8.598200000000237, -1.8345684083e-08
-8.598100000000237, -1.8365263088e-08
-8.598000000000237, -1.8358642606e-08
-8.597900000000237, -1.8435185822e-08
-8.597800000000237, -1.840983721e-08
-8.597700000000238, -1.8401566493e-08
-8.597600000000238, -1.8381109967e-08
-8.597500000000238, -1.8337955154e-08
-8.597400000000238, -1.8334626262e-08
-8.597300000000239, -1.8322129591e-08
-8.597200000000239, -1.8323808249e-08
-8.597100000000239, -1.8375144961e-08
-8.59700000000024, -1.8411110858e-08
-8.59690000000024, -1.8406526081e-08
-8.59680000000024, -1.8456088213e-08
-8.59670000000024, -1.8429659576e-08
-8.59660000000024, -1.838917818e-08
-8.59650000000024, -1.8414899827e-08
-8.59640000000024, -1.8373924604e-08
-8.596300000000241, -1.832811769e-08
-8.596200000000241, -1.8255580159e-08
-8.596100000000241, -1.825131335e-08
-8.596000000000242, -1.8268060842e-08
-8.595900000000242, -1.8263165202e-08
-8.595800000000242, -1.8277225067e-08
-8.595700000000242, -1.8218337061e-08
-8.595600000000243, -1.8261298251e-08
-8.595500000000243, -1.8246874234e-08
-8.595400000000243, -1.8245909672e-08
-8.595300000000243, -1.8286158365e-08
-8.595200000000244, -1.8250977618e-08
-8.595100000000244, -1.8240974953e-08
-8.595000000000244, -1.822545137e-08
-8.594900000000244, -1.8196038454e-08
-8.594800000000244, -1.8213791364e-08
-8.594700000000245, -1.8069128416e-08
-8.594600000000245, -1.8057328077e-08
-8.594500000000245, -1.81197084e-08
-8.594400000000245, -1.8162614523e-08
-8.594300000000246, -1.8200882579e-08
-8.594200000000246, -1.8174956651e-08
-8.594100000000246, -1.8164149296e-08
-8.594000000000246, -1.8151123271e-08
-8.593900000000247, -1.8181326666e-08
-8.593800000000247, -1.8174846517e-08
-8.593700000000247, -1.8141054881e-08
-8.593600000000247, -1.8126595336e-08
-8.593500000000247, -1.8088908149e-08
-8.593400000000248, -1.8064895357e-08
-8.593300000000248, -1.8108174515e-08
-8.593200000000248, -1.8166769422e-08
-8.593100000000248, -1.8040170247e-08
-8.593000000000249, -1.8116322664e-08
-8.592900000000249, -1.8405344804e-08
-8.59280000000025, -1.8318031536e-08
-8.59270000000025, -1.8142959135e-08
-8.59260000000025, -1.8194347362e-08
-8.59250000000025, -1.8213555109e-08
-8.59240000000025, -1.825274687e-08
-8.59230000000025, -1.8232727328e-08
-8.59220000000025, -1.8207272134e-08
-8.59210000000025, -1.8175422056e-08
-8.592000000000251, -1.8259253665e-08
-8.591900000000251, -1.8274581848e-08
-8.591800000000251, -1.817234363e-08
-8.591700000000252, -1.8084817199e-08
-8.591600000000252, -1.8152725545e-08
-8.591500000000252, -1.814226458e-08
-8.591400000000252, -1.817918438e-08
-8.591300000000253, -1.8195777329e-08
-8.591200000000253, -1.8237775734e-08
-8.591100000000253, -1.8225200904e-08
-8.591000000000253, -1.8176120165e-08
-8.590900000000254, -1.8198294427e-08
-8.590800000000254, -1.8187289896e-08
-8.590700000000254, -1.8070700492e-08
-8.590600000000254, -1.8007737523e-08
-8.590500000000254, -1.7930515739e-08
-8.590400000000255, -1.8046472761e-08
-8.590300000000255, -1.797826954e-08
-8.590200000000255, -1.7909338013e-08
-8.590100000000255, -1.7617825421e-08
-8.590000000000256, -1.7871572666e-08
-8.589900000000256, -1.7992842771e-08
-8.589800000000256, -1.7950220865e-08
-8.589700000000256, -1.7971368393e-08
-8.589600000000257, -1.789805637e-08
-8.589500000000257, -1.7947849429e-08
-8.589400000000257, -1.7942355157e-08
-8.589300000000257, -1.7869984603e-08
-8.589200000000258, -1.7853876599e-08
-8.589100000000258, -1.7843468925e-08
-8.589000000000258, -1.784710868e-08
-8.588900000000258, -1.7825838583e-08
-8.588800000000258, -1.7662115326e-08
-8.588700000000259, -1.7924511653e-08
-8.588600000000259, -1.7935764873e-08
-8.58850000000026, -1.7893201587e-08
-8.58840000000026, -1.7840235955e-08
-8.58830000000026, -1.7830871002e-08
-8.58820000000026, -1.7751544235e-08
-8.58810000000026, -1.7735079183e-08
-8.58800000000026, -1.7670775065e-08
-8.58790000000026, -1.7823179377e-08
-8.58780000000026, -1.7898280191e-08
-8.587700000000261, -1.7878408087e-08
-8.587600000000261, -1.7825275478e-08
-8.587500000000261, -1.7884767445e-08
-8.587400000000262, -1.7919344231e-08
-8.587300000000262, -1.7913485806e-08
-8.587200000000262, -1.7747987968e-08
-8.587100000000262, -1.7773366778e-08
-8.587000000000263, -1.781956982e-08
-8.586900000000263, -1.7784412165e-08
-8.586800000000263, -1.7804536512e-08
-8.586700000000263, -1.7813739817e-08
-8.586600000000264, -1.780567338e-08
-8.586500000000264, -1.7844760336e-08
-8.586400000000264, -1.7786691231e-08
-8.586300000000264, -1.786492021e-08
-8.586200000000265, -1.7773182037e-08
-8.586100000000265, -1.7839878907e-08
-8.586000000000265, -1.7792487483e-08
-8.585900000000265, -1.7796418561e-08
-8.585800000000265, -1.7769462346e-08
-8.585700000000266, -1.7719067102e-08
-8.585600000000266, -1.775168279e-08
-8.585500000000266, -1.7755462878e-08
-8.585400000000266, -1.7759454352e-08
-8.585300000000267, -1.7761562887e-08
-8.585200000000267, -1.7676562436e-08
-8.585100000000267, -1.7703126076e-08
-8.585000000000267, -1.7600106261e-08
-8.584900000000268, -1.7708345013e-08
-8.584800000000268, -1.7673309927e-08
-8.584700000000268, -1.7776461192e-08
-8.584600000000268, -1.7697649568e-08
-8.584500000000268, -1.7699397503e-08
-8.584400000000269, -1.7749245629e-08
-8.584300000000269, -1.7696109467e-08
-8.58420000000027, -1.7685218623e-08
-8.58410000000027, -1.7670714669e-08
-8.58400000000027, -1.7634105731e-08
-8.58390000000027, -1.7614400605e-08
-8.58380000000027, -1.7611526459e-08
-8.58370000000027, -1.7678809527e-08
-8.58360000000027, -1.768385971e-08
-8.58350000000027, -1.7719603562e-08
-8.583400000000271, -1.7715622747e-08
-8.583300000000271, -1.7663007057e-08
-8.583200000000272, -1.7650332751e-08
-8.583100000000272, -1.7568439148e-08
-8.583000000000272, -1.741437039e-08
-8.582900000000272, -1.7036235533e-08
-8.582800000000272, -1.7312681067e-08
-8.582700000000273, -1.7719528955e-08
-8.582600000000273, -1.7775620975e-08
-8.582500000000273, -1.7723674972e-08
-8.582400000000273, -1.7681847098e-08
-8.582300000000274, -1.7671093033e-08
-8.582200000000274, -1.7679774089e-08
-8.582100000000274, -1.7660823914e-08
-8.582000000000274, -1.7608815739e-08
-8.581900000000275, -1.7650334527e-08
-8.581800000000275, -1.7606863523e-08
-8.581700000000275, -1.7658740248e-08
-8.581600000000275, -1.7621321291e-08
-8.581500000000275, -1.7610306102e-08
-8.581400000000276, -1.7654754103e-08
-8.581300000000276, -1.7607277414e-08
-8.581200000000276, -1.7602332036e-08
-8.581100000000276, -1.7616891057e-08
-8.581000000000277, -1.7696285326e-08
-8.580900000000277, -1.7708442712e-08
-8.580800000000277, -1.7727185053e-08
-8.580700000000277, -1.7715283462e-08
-8.580600000000278, -1.7694945953e-08
-8.580500000000278, -1.7643811745e-08
-8.580400000000278, -1.7606097913e-08
-8.580300000000278, -1.7626176074e-08
-8.580200000000278, -1.75572481e-08
-8.580100000000279, -1.7493887228e-08
-8.580000000000279, -1.7583074552e-08
-8.57990000000028, -1.7497210791e-08
-8.57980000000028, -1.7596814672e-08
-8.57970000000028, -1.7486691206e-08
-8.57960000000028, -1.7390854978e-08
-8.57950000000028, -1.7213407588e-08
-8.57940000000028, -1.7404945041e-08
-8.57930000000028, -1.760164281e-08
-8.57920000000028, -1.7459997892e-08
-8.579100000000281, -1.7560131127e-08
-8.579000000000281, -1.752970924e-08
-8.578900000000282, -1.7509023564e-08
-8.578800000000282, -1.7516832429e-08
-8.578700000000282, -1.7482976844e-08
-8.578600000000282, -1.7464719448e-08
-8.578500000000282, -1.744674627e-08
-8.578400000000283, -1.741418032e-08
-8.578300000000283, -1.7430535237e-08
-8.578200000000283, -1.7410673792e-08
-8.578100000000283, -1.7434627964e-08
-8.578000000000284, -1.7398136265e-08
-8.577900000000284, -1.7411048603e-08
-8.577800000000284, -1.7387808526e-08
-8.577700000000284, -1.7405938024e-08
-8.577600000000285, -1.7295414878e-08
-8.577500000000285, -1.7259875307e-08
-8.577400000000285, -1.7295164412e-08
-8.577300000000285, -1.7327103308e-08
-8.577200000000285, -1.7282227205e-08
-8.577100000000286, -1.7267296926e-08
-8.577000000000286, -1.7436148525e-08
-8.576900000000286, -1.7382449258e-08
-8.576800000000286, -1.7312045131e-08
-8.576700000000287, -1.726398402e-08
-8.576600000000287, -1.7228007465e-08
-8.576500000000287, -1.7161255528e-08
-8.576400000000287, -1.7041701383e-08
-8.576300000000288, -1.6963761951e-08
-8.576200000000288, -1.7412524755e-08
-8.576100000000288, -1.7432894239e-08
-8.576000000000288, -1.7392121521e-08
-8.575900000000289, -1.7369247374e-08
-8.575800000000289, -1.7400219932e-08
-8.575700000000289, -1.7421928789e-08
-8.57560000000029, -1.7351835524e-08
-8.57550000000029, -1.7269595531e-08
-8.57540000000029, -1.731132393e-08
-8.57530000000029, -1.734302657e-08
-8.57520000000029, -1.7235167959e-08
-8.57510000000029, -1.7384747864e-08
-8.57500000000029, -1.7253865892e-08
-8.57490000000029, -1.7311274192e-08
-8.574800000000291, -1.7213482195e-08
-8.574700000000291, -1.7228845905e-08
-8.574600000000292, -1.724976606e-08
-8.574500000000292, -1.7183111822e-08
-8.574400000000292, -1.7208501291e-08
-8.574300000000292, -1.7161228882e-08
-8.574200000000292, -1.7180962431e-08
-8.574100000000293, -1.7152228082e-08
-8.574000000000293, -1.7239736749e-08
-8.573900000000293, -1.7202266278e-08
-8.573800000000293, -1.713307185e-08
-8.573700000000294, -1.7163539923e-08
-8.573600000000294, -1.7076779102e-08
-8.573500000000294, -1.7184206058e-08
-8.573400000000294, -1.7117018913e-08
-8.573300000000295, -1.7157180565e-08
-8.573200000000295, -1.707073416e-08
-8.573100000000295, -1.6994313512e-08
-8.573000000000295, -1.7014604836e-08
-8.572900000000296, -1.7023372934e-08
-8.572800000000296, -1.7133581665e-08
-8.572700000000296, -1.7047369738e-08
-8.572600000000296, -1.7031702271e-08
-8.572500000000296, -1.698341201e-08
-8.572400000000297, -1.6963749516e-08
-8.572300000000297, -1.6986115625e-08
-8.572200000000297, -1.684112938e-08
-8.572100000000297, -1.6891235077e-08
-8.572000000000298, -1.6805728364e-08
-8.571900000000298, -1.6841852357e-08
-8.571800000000298, -1.6799560854e-08
-8.571700000000298, -1.702348662e-08
-8.571600000000299, -1.7023392473e-08
-8.571500000000299, -1.6963404903e-08
-8.571400000000299, -1.6979280204e-08
-8.5713000000003, -1.6918741963e-08
-8.5712000000003, -1.698975538e-08
-8.5711000000003, -1.6998045638e-08
-8.5710000000003, -1.6997971031e-08
-8.5709000000003, -1.701234531e-08
-8.5708000000003, -1.6934299296e-08
-8.5707000000003, -1.698029628e-08
-8.5706000000003, -1.6946792414e-08
-8.570500000000301, -1.6979043949e-08
-8.570400000000301, -1.7008517261e-08
-8.570300000000302, -1.6993231711e-08
-8.570200000000302, -1.6978876971e-08
-8.570100000000302, -1.699272012e-08
-8.570000000000302, -1.6974796679e-08
-8.569900000000302, -1.6978509265e-08
-8.569800000000303, -1.7019774035e-08
-8.569700000000303, -1.6965703509e-08
-8.569600000000303, -1.6945373105e-08
-8.569500000000303, -1.6957292459e-08
-8.569400000000304, -1.6939575076e-08
-8.569300000000304, -1.6946167136e-08
-8.569200000000304, -1.691839735e-08
-8.569100000000304, -1.6936112957e-08
-8.569000000000305, -1.6945021386e-08
-8.568900000000305, -1.690121465e-08
-8.568800000000305, -1.6947883097e-08
-8.568700000000305, -1.6878304976e-08
-8.568600000000306, -1.6906160027e-08
-8.568500000000306, -1.6909817546e-08
-8.568400000000306, -1.6950647108e-08
-8.568300000000306, -1.692110807e-08
-8.568200000000306, -1.6853716645e-08
-8.568100000000307, -1.6900104427e-08
-8.568000000000307, -1.6902744093e-08
-8.567900000000307, -1.6876514408e-08
-8.567800000000307, -1.6881198661e-08
-8.567700000000308, -1.6855400631e-08
-8.567600000000308, -1.6814370341e-08
-8.567500000000308, -1.6826895433e-08
-8.567400000000308, -1.6831986471e-08
-8.567300000000309, -1.6798649582e-08
-8.567200000000309, -1.6851537055e-08
-8.567100000000309, -1.6823255677e-08
-8.56700000000031, -1.6812888859e-08
-8.56690000000031, -1.6817235604e-08
-8.56680000000031, -1.677273076e-08
-8.56670000000031, -1.6829840632e-08
-8.56660000000031, -1.6816409598e-08
-8.56650000000031, -1.6847353734e-08
-8.56640000000031, -1.6803372915e-08
-8.56630000000031, -1.6797295999e-08
-8.566200000000311, -1.6824056814e-08
-8.566100000000311, -1.6789885038e-08
-8.566000000000312, -1.6834302841e-08
-8.565900000000312, -1.6786554369e-08
-8.565800000000312, -1.6875668862e-08
-8.565700000000312, -1.6757384813e-08
-8.565600000000313, -1.6803177516e-08
-8.565500000000313, -1.6779635459e-08
-8.565400000000313, -1.6758773924e-08
-8.565300000000313, -1.6766136923e-08
-8.565200000000313, -1.6674086112e-08
-8.565100000000314, -1.6740392184e-08
-8.565000000000314, -1.6713187279e-08
-8.564900000000314, -1.6770616895e-08
-8.564800000000314, -1.6752540688e-08
-8.564700000000315, -1.6720447249e-08
-8.564600000000315, -1.6789300616e-08
-8.564500000000315, -1.6732167651e-08
-8.564400000000315, -1.6769762468e-08
-8.564300000000316, -1.6721303453e-08
-8.564200000000316, -1.6751878107e-08
-8.564100000000316, -1.6690535176e-08
-8.564000000000316, -1.6700560934e-08
-8.563900000000316, -1.6689527982e-08
-8.563800000000317, -1.6636017008e-08
-8.563700000000317, -1.6630552935e-08
-8.563600000000317, -1.6608414199e-08
-8.563500000000317, -1.6643639356e-08
-8.563400000000318, -1.6533904912e-08
-8.563300000000318, -1.6621225285e-08
-8.563200000000318, -1.6696271032e-08
-8.563100000000318, -1.6664227331e-08
-8.563000000000319, -1.6651435786e-08
-8.562900000000319, -1.6665577363e-08
-8.562800000000319, -1.675090644e-08
-8.56270000000032, -1.650245629e-08
-8.56260000000032, -1.6524298374e-08
-8.56250000000032, -1.6619319254e-08
-8.56240000000032, -1.6544534631e-08
-8.56230000000032, -1.6547476278e-08
-8.56220000000032, -1.6524083435e-08
-8.56210000000032, -1.6551167548e-08
-8.562000000000321, -1.6635095079e-08
-8.561900000000321, -1.6672254688e-08
-8.561800000000321, -1.6744017728e-08
-8.561700000000322, -1.6739042152e-08
-8.561600000000322, -1.6681138248e-08
-8.561500000000322, -1.6591705787e-08
-8.561400000000322, -1.659532245e-08
-8.561300000000323, -1.6647046408e-08
-8.561200000000323, -1.6645087086e-08
-8.561100000000323, -1.6561077842e-08
-8.561000000000323, -1.6599788211e-08
-8.560900000000323, -1.66150258e-08
-8.560800000000324, -1.6689583049e-08
-8.560700000000324, -1.6530192326e-08
-8.560600000000324, -1.6532487379e-08
-8.560500000000324, -1.6579669193e-08
-8.560400000000325, -1.6642953682e-08
-8.560300000000325, -1.6615951282e-08
-8.560200000000325, -1.6486616516e-08
-8.560100000000325, -1.6446231044e-08
-8.560000000000326, -1.6440024453e-08
-8.559900000000326, -1.6501235933e-08
-8.559800000000326, -1.6481388698e-08
-8.559700000000326, -1.6447740947e-08
-8.559600000000327, -1.6482344378e-08
-8.559500000000327, -1.6453951091e-08
-8.559400000000327, -1.6517375911e-08
-8.559300000000327, -1.6501864764e-08
-8.559200000000327, -1.6410814041e-08
-8.559100000000328, -1.6418251647e-08
-8.559000000000328, -1.6436624506e-08
-8.558900000000328, -1.6402770697e-08
-8.558800000000328, -1.6387641466e-08
-8.558700000000329, -1.6437075701e-08
-8.558600000000329, -1.6465564912e-08
-8.558500000000329, -1.6459027918e-08
-8.55840000000033, -1.6425124372e-08
-8.55830000000033, -1.644411185e-08
-8.55820000000033, -1.643853409e-08
-8.55810000000033, -1.6462578856e-08
-8.55800000000033, -1.6463083341e-08
-8.55790000000033, -1.6389295254e-08
-8.55780000000033, -1.6341552111e-08
-8.557700000000331, -1.6364150923e-08
-8.557600000000331, -1.6434988481e-08
-8.557500000000331, -1.6459663854e-08
-8.557400000000332, -1.6441680017e-08
-8.557300000000332, -1.6471263464e-08
-8.557200000000332, -1.6321603624e-08
-8.557100000000332, -1.6163433258e-08
-8.557000000000333, -1.6226536559e-08
-8.556900000000333, -1.645305403e-08
-8.556800000000333, -1.6431213723e-08
-8.556700000000333, -1.5814766385e-08
-8.556600000000333, -1.5703777834e-08
-8.556500000000334, -1.5685072796e-08
-8.556400000000334, -1.5894617178e-08
-8.556300000000334, -1.5988016244e-08
-8.556200000000334, -1.5973085965e-08
-8.556100000000335, -1.5857525071e-08
-8.556000000000335, -1.5604481263e-08
-8.555900000000335, -1.5694215705e-08
-8.555800000000335, -1.6306726636e-08
-8.555700000000336, -1.6216791465e-08
-8.555600000000336, -1.6182124085e-08
-8.555500000000336, -1.6168565153e-08
-8.555400000000336, -1.6203333786e-08
-8.555300000000337, -1.6245602197e-08
-8.555200000000337, -1.6215372156e-08
-8.555100000000337, -1.6173663298e-08
-8.555000000000337, -1.611010525e-08
-8.554900000000337, -1.6107534861e-08
-8.554800000000338, -1.6254773527e-08
-8.554700000000338, -1.619625678e-08
-8.554600000000338, -1.6207298614e-08
-8.554500000000338, -1.6269133596e-08
-8.554400000000339, -1.6302417194e-08
-8.554300000000339, -1.6344317899e-08
-8.554200000000339, -1.6287712512e-08
-8.55410000000034, -1.622844259e-08
-8.55400000000034, -1.6271851422e-08
-8.55390000000034, -1.6220477406e-08
-8.55380000000034, -1.6171318507e-08
-8.55370000000034, -1.599975441e-08
-8.55360000000034, -1.5987092539e-08
-8.55350000000034, -1.6000621272e-08
-8.553400000000341, -1.6050853091e-08
-8.553300000000341, -1.6091391331e-08
-8.553200000000341, -1.6111371792e-08
-8.553100000000342, -1.6121742163e-08
-8.553000000000342, -1.6146021409e-08
-8.552900000000342, -1.6142646331e-08
-8.552800000000342, -1.618660761e-08
-8.552700000000343, -1.6228327127e-08
-8.552600000000343, -1.6199560804e-08
-8.552500000000343, -1.6130861979e-08
-8.552400000000343, -1.6069124698e-08
-8.552300000000344, -1.6070975661e-08
-8.552200000000344, -1.6005857972e-08
-8.552100000000344, -1.6021026283e-08
-8.552000000000344, -1.601951638e-08
-8.551900000000344, -1.5978134371e-08
-8.551800000000345, -1.600862376e-08
-8.551700000000345, -1.5965261113e-08
-8.551600000000345, -1.6006097781e-08
-8.551500000000345, -1.598402477e-08
-8.551400000000346, -1.5977011714e-08
-8.551300000000346, -1.6014814364e-08
-8.551200000000346, -1.6037359885e-08
-8.551100000000346, -1.611904743e-08
-8.551000000000347, -1.6134976022e-08
-8.550900000000347, -1.6189394714e-08
-8.550800000000347, -1.6226270105e-08
-8.550700000000347, -1.6345389042e-08
-8.550600000000347, -1.6357757815e-08
-8.550500000000348, -1.6312759143e-08
-8.550400000000348, -1.6331865638e-08
-8.550300000000348, -1.6261372693e-08
-8.550200000000348, -1.613567413e-08
-8.550100000000349, -1.6052631224e-08
