# transmission through filter wheel: angle [degree], power [mW]
0.000000000000000000e+00 2.943305124799999880e-05
1.000000000000000000e+00 3.009369934000000773e-05
2.000000000000000000e+00 3.093062410899999158e-05
3.000000000000000000e+00 3.198880698900001025e-05
4.000000000000000000e+00 3.292017701499999881e-05
5.000000000000000000e+00 3.305741526199998322e-05
6.000000000000000000e+00 3.246317113399998730e-05
7.000000000000000000e+00 3.219396010199997957e-05
8.000000000000000000e+00 3.337541212100000345e-05
9.000000000000000000e+00 3.483999129699999432e-05
1.000000000000000000e+01 3.606501749499999737e-05
1.100000000000000000e+01 3.618620162699999677e-05
1.200000000000000000e+01 3.574118292499999227e-05
1.300000000000000000e+01 3.662679020699999099e-05
1.400000000000000000e+01 3.761742263100000981e-05
1.500000000000000000e+01 3.898151088600000690e-05
1.600000000000000000e+01 4.048367010800000551e-05
1.700000000000000000e+01 4.139361848900000002e-05
1.800000000000000000e+01 4.253848078700000687e-05
1.900000000000000000e+01 4.355444520400000527e-05
2.000000000000000000e+01 4.397449778599999060e-05
2.100000000000000000e+01 4.473271747700001026e-05
2.200000000000000000e+01 4.590338062400000084e-05
2.300000000000000000e+01 4.793692494499999601e-05
2.400000000000000000e+01 4.938133283500001266e-05
2.500000000000000000e+01 4.899234526000000045e-05
2.600000000000000000e+01 4.875539879499998975e-05
2.700000000000000000e+01 5.034970939900001438e-05
2.800000000000000000e+01 5.284500431800003847e-05
2.900000000000000000e+01 5.542364199099998758e-05
3.000000000000000000e+01 5.588716347599997127e-05
3.100000000000000000e+01 5.430129693700000665e-05
3.200000000000000000e+01 5.275728234899999824e-05
3.300000000000000000e+01 5.337508596600000770e-05
3.400000000000000000e+01 5.789558535600001349e-05
3.500000000000000000e+01 6.346123754400000811e-05
3.600000000000000000e+01 6.550541499200001000e-05
3.700000000000000000e+01 6.595377001800002941e-05
3.800000000000000000e+01 6.535238448300002389e-05
3.900000000000000000e+01 6.583581658500001297e-05
4.000000000000000000e+01 6.897268186000001119e-05
4.100000000000000000e+01 7.287782764500000659e-05
4.200000000000000000e+01 7.323038225699999464e-05
4.300000000000000000e+01 7.194989855700000437e-05
4.400000000000000000e+01 7.148455168500000585e-05
4.500000000000000000e+01 7.028704559000000949e-05
4.600000000000000000e+01 7.167615308500003548e-05
4.700000000000000000e+01 7.441626479600002792e-05
4.800000000000000000e+01 7.834100770699996968e-05
4.900000000000000000e+01 8.412510332900004488e-05
5.000000000000000000e+01 8.990972482100002296e-05
5.100000000000000000e+01 9.305826438300000576e-05
5.200000000000000000e+01 9.593358178700003651e-05
5.300000000000000000e+01 9.934419203299996463e-05
5.400000000000000000e+01 1.005755259500000016e-04
5.500000000000000000e+01 1.023423615499999577e-04
5.600000000000000000e+01 1.059731885599999945e-04
5.700000000000000000e+01 1.082735447600000203e-04
5.800000000000000000e+01 1.109073811500000171e-04
5.900000000000000000e+01 1.169187811199999750e-04
6.000000000000000000e+01 1.224122958599999848e-04
6.100000000000000000e+01 1.265989014800000334e-04
6.200000000000000000e+01 1.323705391599999659e-04
6.300000000000000000e+01 1.358763257600000007e-04
6.400000000000000000e+01 1.371840165799999528e-04
6.500000000000000000e+01 1.409264895100000112e-04
6.600000000000000000e+01 1.466177560399999828e-04
6.700000000000000000e+01 1.515584627099999962e-04
6.800000000000000000e+01 1.537088136199999723e-04
6.900000000000000000e+01 1.565704740299999861e-04
7.000000000000000000e+01 1.646476825200000416e-04
7.100000000000000000e+01 1.714536839300000496e-04
7.200000000000000000e+01 1.758475795599999793e-04
7.300000000000000000e+01 1.818641919400000595e-04
7.400000000000000000e+01 1.884144297599999688e-04
7.500000000000000000e+01 1.938954363399998573e-04
7.600000000000000000e+01 1.995644979500000563e-04
7.700000000000000000e+01 2.057924133899999362e-04
7.800000000000000000e+01 2.110987588599999619e-04
7.900000000000000000e+01 2.170689827999999679e-04
8.000000000000000000e+01 2.241825389799998347e-04
8.100000000000000000e+01 2.328382690299997978e-04
8.200000000000000000e+01 2.453287961699999434e-04
8.300000000000000000e+01 2.537621192999998791e-04
8.400000000000000000e+01 2.583062623300000382e-04
8.500000000000000000e+01 2.651384719399999868e-04
8.600000000000000000e+01 2.755771941000000644e-04
8.700000000000000000e+01 2.899291101299999768e-04
8.800000000000000000e+01 3.004723685399999828e-04
8.900000000000000000e+01 3.078187359600000951e-04
9.000000000000000000e+01 3.173075606800002200e-04
9.100000000000000000e+01 3.239589654299997830e-04
9.200000000000000000e+01 3.276988157799998322e-04
9.300000000000000000e+01 3.365636200199998698e-04
9.400000000000000000e+01 3.468908764200000303e-04
9.500000000000000000e+01 3.637692686100001344e-04
9.600000000000000000e+01 3.807458012199999475e-04
9.700000000000000000e+01 3.950614359600001331e-04
9.800000000000000000e+01 4.125953182199998599e-04
9.900000000000000000e+01 4.331575544799998786e-04
1.000000000000000000e+02 4.517842694499996895e-04
1.010000000000000000e+02 4.722387703099999103e-04
1.020000000000000000e+02 4.927812687199999977e-04
1.030000000000000000e+02 5.157393178300000332e-04
1.040000000000000000e+02 5.400035365700001826e-04
1.050000000000000000e+02 5.601961702999999062e-04
1.060000000000000000e+02 5.799215767999997507e-04
1.070000000000000000e+02 6.044898082700001299e-04
1.080000000000000000e+02 6.353835709599998721e-04
1.090000000000000000e+02 6.555468547900001903e-04
1.100000000000000000e+02 6.795860031600005086e-04
1.110000000000000000e+02 7.130286354299998413e-04
1.120000000000000000e+02 7.561099835299998819e-04
1.130000000000000000e+02 8.045221539900002279e-04
1.140000000000000000e+02 8.258710806500003986e-04
1.150000000000000000e+02 8.337961065400007095e-04
1.160000000000000000e+02 8.728970715199997491e-04
1.170000000000000000e+02 9.084890991299994110e-04
1.180000000000000000e+02 9.138161999900000585e-04
1.190000000000000000e+02 9.543150491499996762e-04
1.200000000000000000e+02 1.082824105499999388e-03
1.210000000000000000e+02 1.193575810999999683e-03
1.220000000000000000e+02 1.236657162199999906e-03
1.230000000000000000e+02 1.276261580499999954e-03
1.240000000000000000e+02 1.341969234500000078e-03
1.250000000000000000e+02 1.406301333899999438e-03
1.260000000000000000e+02 1.484041356599999709e-03
1.270000000000000000e+02 1.558079934499999927e-03
1.280000000000000000e+02 1.628701318799999614e-03
1.290000000000000000e+02 1.710433377900000490e-03
1.300000000000000000e+02 1.790018270000000213e-03
1.310000000000000000e+02 1.879734628400000530e-03
1.320000000000000000e+02 1.971427077599998898e-03
1.330000000000000000e+02 2.078573875299998940e-03
1.340000000000000000e+02 2.206581593399999704e-03
1.350000000000000000e+02 2.328464549899999809e-03
1.360000000000000000e+02 2.434743409699999684e-03
1.370000000000000000e+02 2.549186823999998602e-03
1.380000000000000000e+02 2.681310672500001116e-03
1.390000000000000000e+02 2.838502907400000316e-03
1.400000000000000000e+02 2.982605112199999010e-03
1.410000000000000000e+02 3.126462581499999185e-03
1.420000000000000000e+02 3.275447656500002271e-03
1.430000000000000000e+02 3.445081038400000639e-03
1.440000000000000000e+02 3.650128273600000608e-03
1.450000000000000000e+02 3.891541441499999851e-03
1.460000000000000000e+02 4.118486949199999178e-03
1.470000000000000000e+02 4.329651078199999760e-03
1.480000000000000000e+02 4.562505976999998818e-03
1.490000000000000000e+02 4.788137693600001688e-03
1.500000000000000000e+02 5.045428111400001442e-03
1.510000000000000000e+02 5.293250655400002710e-03
1.520000000000000000e+02 5.538424362400000758e-03
1.530000000000000000e+02 5.823703305499999816e-03
1.540000000000000000e+02 6.098046345999997946e-03
1.550000000000000000e+02 6.394963370800002718e-03
1.560000000000000000e+02 6.729400437899999213e-03
1.570000000000000000e+02 7.141292635600002790e-03
1.580000000000000000e+02 7.575764089400004349e-03
1.590000000000000000e+02 7.959167770199998895e-03
1.600000000000000000e+02 8.348890551199994806e-03
1.610000000000000000e+02 8.829264870500000070e-03
1.620000000000000000e+02 9.263039492100002062e-03
1.630000000000000000e+02 9.771226905399995472e-03
1.640000000000000000e+02 1.031656204600000029e-02
1.650000000000000000e+02 1.080147350600000125e-02
1.660000000000000000e+02 1.143497639199999964e-02
1.670000000000000000e+02 1.217084860299999689e-02
1.680000000000000000e+02 1.293686885100000551e-02
1.690000000000000000e+02 1.354955321900000106e-02
1.700000000000000000e+02 1.417535948100000047e-02
1.710000000000000000e+02 1.485574911600000270e-02
1.720000000000000000e+02 1.558120146699999882e-02
1.730000000000000000e+02 1.643937331500000196e-02
1.740000000000000000e+02 1.741395144399999692e-02
1.750000000000000000e+02 1.835048270299999632e-02
1.760000000000000000e+02 1.930147642099999325e-02
1.770000000000000000e+02 2.048912248600000610e-02
1.780000000000000000e+02 2.184938634400000745e-02
1.790000000000000000e+02 2.312890055599998301e-02
1.800000000000000000e+02 2.453686870899999053e-02
1.803517587939698501e+02 2.491414006200002099e-02
1.807035175879397002e+02 2.545476716300002287e-02
1.810000000000000000e+02 2.593385013499998476e-02
1.810552763819095503e+02 2.603315401099998844e-02
1.814070351758794004e+02 2.663527342700001618e-02
1.817587939698492505e+02 2.722646081999999246e-02
1.820000000000000000e+02 2.750405401299997957e-02
1.821105527638191006e+02 2.772762205600000709e-02
1.824623115577889507e+02 2.819982456299998524e-02
1.828140703517588008e+02 2.859752237499998268e-02
1.830000000000000000e+02 2.893554104700002405e-02
1.831658291457286509e+02 2.926321390799998395e-02
1.835175879396985010e+02 2.978128207600004226e-02
1.838693467336683511e+02 3.024767170899998400e-02
1.840000000000000000e+02 3.059369100400004260e-02
1.842211055276382012e+02 3.092541651299997307e-02
1.845728643216080513e+02 3.139340566399999310e-02
1.849246231155779014e+02 3.202629784000001617e-02
1.850000000000000000e+02 3.220869424700002065e-02
1.852763819095477515e+02 3.267737625999999479e-02
1.856281407035176017e+02 3.330909515900004614e-02
1.859798994974874518e+02 3.391414811699997728e-02
1.860000000000000000e+02 3.388913512099998165e-02
1.863316582914572734e+02 3.448133502500001779e-02
1.866834170854271235e+02 3.524585121999997128e-02
1.870000000000000000e+02 3.565933511500000291e-02
1.870351758793969736e+02 3.577245261100000379e-02
1.873869346733668237e+02 3.641542531399995924e-02
1.877386934673366738e+02 3.714426154499999438e-02
1.880000000000000000e+02 3.767603574899999058e-02
1.880904522613065240e+02 3.799869548099997496e-02
1.884422110552763741e+02 3.869931988300003706e-02
1.887939698492462242e+02 3.949972789599999479e-02
1.890000000000000000e+02 3.980324122699999134e-02
1.891457286432160743e+02 4.020733827500002494e-02
1.894974874371859244e+02 4.099180002299997877e-02
1.898492462311557745e+02 4.204020285600001960e-02
1.900000000000000000e+02 4.235443583099998688e-02
1.902010050251256246e+02 4.291271641800002701e-02
1.905527638190954747e+02 4.369157897700001736e-02
1.909045226130653248e+02 4.441577525799998011e-02
1.910000000000000000e+02 4.476067450100001954e-02
1.912562814070351749e+02 4.536055418099998321e-02
1.916080402010050250e+02 4.635733162600000345e-02
1.919597989949748751e+02 4.707454179599999261e-02
1.920000000000000000e+02 4.724157777999996727e-02
1.923115577889447252e+02 4.815355710699998487e-02
1.926633165829145753e+02 4.908436279500000277e-02
1.930000000000000000e+02 5.007394000199998085e-02
1.930150753768844254e+02 5.003458074599997224e-02
1.933668341708542755e+02 5.147966799600001836e-02
1.937185929648241256e+02 5.230380931999999150e-02
1.940000000000000000e+02 5.315024379800000615e-02
1.940703517587939757e+02 5.325466747400004613e-02
1.944221105527638258e+02 5.457250404999996335e-02
1.947738693467336759e+02 5.564490628199994515e-02
1.950000000000000000e+02 5.642920867400000318e-02
1.951256281407035260e+02 5.688877135700001059e-02
1.954773869346733761e+02 5.812698323600001132e-02
1.958291457286432262e+02 5.935911547099999991e-02
1.960000000000000000e+02 6.003243311199998877e-02
1.961809045226130763e+02 6.058474111499997233e-02
1.965326633165829264e+02 6.211649204799998131e-02
1.968844221105527765e+02 6.319801446899997455e-02
1.970000000000000000e+02 6.350019445199998891e-02
1.972361809045226266e+02 6.466480743100001816e-02
1.975879396984924483e+02 6.591635261499999288e-02
1.979396984924622984e+02 6.737898547999998655e-02
1.980000000000000000e+02 6.777145659400002353e-02
1.982914572864321485e+02 6.925126319700000699e-02
1.986432160804019986e+02 7.050296801100001953e-02
1.989949748743718487e+02 7.181360517400001142e-02
1.990000000000000000e+02 7.234580626300000927e-02
1.993467336683416988e+02 7.371862767600000088e-02
1.996984924623115489e+02 7.541554877799996892e-02
2.000000000000000000e+02 7.654699009099999452e-02
2.000502512562813990e+02 7.679877148100006101e-02
2.004020100502512491e+02 7.828492394299997603e-02
2.007537688442210992e+02 7.977299698600001654e-02
2.010000000000000000e+02 8.102022198400002373e-02
2.011055276381909493e+02 8.095440978799998966e-02
2.014572864321607994e+02 8.289201941699994580e-02
2.018090452261306496e+02 8.440627803500001802e-02
2.020000000000000000e+02 8.490248037399998615e-02
2.021608040201004997e+02 8.553851919999999609e-02
2.025125628140703498e+02 8.712936280499999908e-02
2.028643216080401999e+02 8.859935587699994952e-02
2.030000000000000000e+02 8.880889785700009365e-02
2.032160804020100500e+02 9.040811477000000596e-02
2.035678391959799001e+02 9.231153773999999090e-02
2.039195979899497502e+02 9.431559876700001954e-02
2.040000000000000000e+02 9.451479483700005180e-02
2.042713567839196003e+02 9.620398362899999778e-02
2.046231155778894504e+02 9.836883982500008172e-02
2.049748743718593005e+02 1.004111930900000033e-01
2.050000000000000000e+02 1.002337573380000235e-01
2.053266331658291506e+02 1.024513069500000151e-01
2.056783919597990007e+02 1.043806497800001121e-01
2.060000000000000000e+02 1.054185989199999951e-01
2.060301507537688508e+02 1.047574417999999757e-01
2.063819095477387009e+02 1.074127404900000332e-01
2.067336683417085510e+02 1.094230414799999968e-01
2.070000000000000000e+02 1.106109609500000035e-01
2.070854271356784011e+02 1.113716906199999496e-01
2.074371859296482512e+02 1.137401698000000544e-01
2.077889447236181013e+02 1.158910000700000137e-01
2.080000000000000000e+02 1.173102755300000216e-01
2.081407035175879514e+02 1.185679532400000236e-01
2.084924623115578015e+02 1.208673673099999735e-01
2.088442211055276516e+02 1.233884837299999565e-01
2.090000000000000000e+02 1.244600850700000177e-01
2.091959798994975017e+02 1.261577535900000324e-01
2.095477386934673518e+02 1.291087262699999461e-01
2.098994974874372019e+02 1.320863133899999875e-01
2.100000000000000000e+02 1.329159995499999969e-01
2.102512562814070520e+02 1.350245911399999832e-01
2.106030150753769021e+02 1.380391898900000247e-01
2.109547738693467238e+02 1.408944337000000158e-01
2.110000000000000000e+02 1.410010424700000320e-01
2.113065326633165739e+02 1.437458868899999520e-01
2.116582914572864240e+02 1.471638894499999739e-01
2.120000000000000000e+02 1.503084042399999709e-01
2.120100502512562741e+02 1.507561266900000474e-01
2.123618090452261242e+02 1.537496059400000337e-01
2.127135678391959743e+02 1.564771181399999822e-01
2.130000000000000000e+02 1.593939033799999794e-01
2.130653266331658244e+02 1.601820991900000379e-01
2.134170854271356745e+02 1.617884087400000281e-01
2.137688442211055246e+02 1.659150338299998917e-01
2.140000000000000000e+02 1.667364552699999447e-01
2.141206030150753747e+02 1.691432816999999811e-01
2.144723618090452248e+02 1.730071388300000457e-01
2.148241206030150749e+02 1.759887253999999623e-01
2.150000000000000000e+02 1.780586516899999583e-01
2.151758793969849251e+02 1.791792639500000284e-01
2.155276381909547752e+02 1.820961068800000249e-01
2.158793969849246253e+02 1.855154957000000326e-01
2.160000000000000000e+02 1.875040371799999439e-01
2.162311557788944754e+02 1.904584236299999844e-01
2.165829145728643255e+02 1.968625962199999080e-01
2.169346733668341756e+02 2.028245935500000430e-01
2.170000000000000000e+02 2.022258332400000136e-01
2.172864321608040257e+02 2.072092947299999932e-01
2.176381909547738758e+02 2.150960474899999419e-01
2.179899497487437259e+02 2.221744916100001077e-01
2.180000000000000000e+02 2.208724459000000195e-01
2.183417085427135760e+02 2.259091281000000229e-01
2.186934673366834261e+02 2.311361007799999645e-01
2.190000000000000000e+02 2.353988063900001038e-01
2.190452261306532762e+02 2.392404078899998399e-01
2.193969849246231263e+02 2.433458606700000804e-01
2.197487437185929764e+02 2.491969254300000769e-01
2.200000000000000000e+02 2.523701212600000243e-01
2.201005025125628265e+02 2.522278446399998653e-01
2.204522613065326766e+02 2.605125570000000335e-01
2.208040201005024983e+02 2.659357103400000200e-01
2.210000000000000000e+02 2.726202871399999728e-01
2.211557788944723484e+02 2.721265505500000126e-01
2.215075376884421985e+02 2.815431403700001112e-01
2.218592964824120486e+02 2.900232257999999508e-01
2.220000000000000000e+02 2.918654514499999797e-01
2.222110552763818987e+02 2.966674533899998911e-01
2.225628140703517488e+02 3.041080332400001307e-01
2.229145728643215989e+02 3.111366351399998953e-01
2.230000000000000000e+02 3.129454158100000716e-01
2.232663316582914490e+02 3.198731463799999730e-01
2.236180904522612991e+02 3.304678076500000006e-01
2.239698492462311492e+02 3.407471138000000566e-01
2.240000000000000000e+02 3.443524698700000108e-01
2.243216080402009993e+02 3.530714533000000599e-01
2.246733668341708494e+02 3.656946917400000774e-01
2.250000000000000000e+02 3.807998975899999361e-01
2.250251256281406995e+02 3.837134761500000657e-01
2.253768844221105496e+02 3.928932855900001409e-01
2.257286432160803997e+02 4.059200134100000024e-01
2.260000000000000000e+02 4.110888647799999518e-01
2.260225563909774564e+02 4.116887873099998596e-01
2.260451127819548844e+02 4.081386478900001502e-01
2.260676691729323409e+02 4.061849325299998203e-01
2.260804020100502498e+02 4.085946897899998542e-01
2.260902255639097689e+02 4.118002729999998279e-01
2.261127819548872253e+02 4.156089588499998766e-01
2.261353383458646533e+02 4.066335450599999901e-01
2.261578947368421098e+02 4.105712377399999280e-01
2.261804511278195378e+02 4.081927973199999116e-01
2.262030075187969942e+02 4.085055002499999866e-01
2.262255639097744222e+02 4.068538642499999192e-01
2.262481203007518786e+02 4.103264928500001130e-01
2.262706766917293351e+02 4.096363176299998576e-01
2.262932330827067631e+02 4.096559621399999407e-01
2.263157894736842195e+02 4.096511847400000628e-01
2.263383458646616475e+02 4.105043440699999713e-01
2.263609022556391039e+02 4.159136984400002568e-01
2.263834586466165320e+02 4.159359910500002311e-01
2.264060150375939884e+02 4.176869060000001910e-01
2.264285714285714164e+02 4.183043435299999557e-01
2.264321608040200999e+02 4.202994710000000911e-01
2.264511278195488728e+02 4.177936155100001048e-01
2.264736842105263293e+02 4.187810895300003722e-01
2.264962406015037573e+02 4.171990073400000387e-01
2.265187969924812137e+02 4.225855332199999204e-01
2.265413533834586417e+02 4.247107286600002030e-01
2.265639097744360981e+02 4.258038505499999182e-01
2.265864661654135261e+02 4.257592570399998388e-01
2.266090225563909826e+02 4.267026694100000683e-01
2.266315789473684106e+02 4.260751412899999591e-01
2.266541353383458670e+02 4.288358323199998323e-01
2.266766917293232950e+02 4.239202140100000737e-01
2.266992481203007515e+02 4.256132565699999870e-01
2.267218045112782079e+02 4.319872558399999729e-01
2.267443609022556359e+02 4.303313811999999183e-01
2.267669172932330923e+02 4.312185139800000511e-01
2.267839195979899500e+02 4.290444767999997411e-01
2.267894736842105203e+02 4.337270179500001821e-01
2.268120300751879768e+02 4.348679288200000270e-01
2.268345864661654048e+02 4.321454671999997998e-01
2.268571428571428612e+02 4.309721730799999095e-01
2.268796992481202892e+02 4.372808744900000266e-01
2.269022556390977456e+02 4.379105271399998944e-01
2.269248120300752021e+02 4.417807902799999464e-01
2.269473684210526301e+02 4.446285441999999200e-01
2.269699248120300865e+02 4.437058436200002620e-01
2.269924812030075145e+02 4.490339674500000711e-01
2.270000000000000000e+02 4.490828045700000493e-01
2.270150375939849710e+02 4.485274848300001560e-01
2.270375939849623990e+02 4.558300299599998828e-01
2.270601503759398554e+02 4.558470222100000080e-01
2.270827067669172834e+02 4.544618944399999028e-01
2.271052631578947398e+02 4.559059487399997335e-01
2.271278195488721678e+02 4.631182461599999689e-01
2.271356783919598001e+02 4.595606701399999050e-01
2.271503759398496243e+02 4.617447981400000789e-01
2.271729323308270807e+02 4.598616933499999337e-01
2.271954887218045087e+02 4.658364559800001192e-01
2.272180451127819651e+02 4.641269522700000039e-01
2.272406015037593932e+02 4.655088905999998916e-01
2.272631578947368496e+02 4.649079078900001383e-01
2.272857142857142776e+02 4.677275227400001789e-01
2.273082706766917340e+02 4.710621124600000154e-01
2.273308270676691620e+02 4.743340553400000048e-01
2.273533834586466185e+02 4.777212088600000239e-01
2.273759398496240465e+02 4.836609319699999854e-01
2.273984962406015029e+02 4.871999181599999673e-01
2.274210526315789593e+02 4.880350295499999991e-01
2.274436090225563873e+02 4.950004443200000104e-01
2.274661654135338438e+02 4.913574037799995908e-01
2.274874371859296502e+02 4.923894744800000334e-01
2.274887218045112718e+02 4.962777933599998859e-01
2.275112781954887282e+02 4.941382649600000732e-01
2.275338345864661562e+02 5.017274956100000738e-01
2.275563909774436127e+02 4.959162522199999090e-01
2.275789473684210407e+02 5.087476013800000807e-01
2.276015037593984971e+02 5.027404538099996545e-01
2.276240601503759535e+02 5.044335010199999525e-01
2.276466165413533815e+02 5.164180637399998774e-01
2.276691729323308380e+02 5.133000818999999826e-01
2.276917293233082660e+02 5.195286189000001276e-01
2.277142857142857224e+02 5.205962516499996751e-01
2.277368421052631504e+02 5.277772230099999629e-01
2.277593984962406068e+02 5.238028912100000101e-01
2.277819548872180349e+02 5.342287320200000966e-01
2.278045112781954913e+02 5.382742040399999262e-01
2.278270676691729193e+02 5.392993730299999733e-01
2.278391959798995003e+02 5.357396800599999453e-01
2.278496240601503757e+02 5.449423171100001850e-01
2.278721804511278322e+02 5.418402666700001813e-01
2.278947368421052602e+02 5.466289917100004558e-01
2.279172932330827166e+02 5.583486356400000350e-01
2.279398496240601446e+02 5.442118021699998698e-01
2.279624060150376010e+02 5.498393485500000510e-01
2.279849624060150290e+02 5.460566835299998090e-01
2.280000000000000000e+02 5.659840581600000808e-01
2.280075187969924855e+02 5.637388764300000910e-01
2.280300751879699135e+02 5.703395715899999274e-01
2.280526315789473699e+02 5.814688565300002443e-01
2.280751879699247979e+02 5.753974680500000272e-01
2.280977443609022544e+02 5.690165626099995544e-01
2.281203007518797108e+02 5.682271165699996907e-01
2.281428571428571388e+02 5.778539453699997885e-01
2.281654135338345952e+02 5.781570867900001076e-01
2.281879699248120232e+02 5.923995748399998318e-01
2.281909547738693504e+02 6.053567484699999834e-01
2.282105263157894797e+02 6.049734383600001708e-01
2.282330827067669077e+02 6.055823823900000624e-01
2.282556390977443641e+02 6.041770882299998258e-01
2.282781954887217921e+02 6.196156907200003339e-01
2.283007518796992485e+02 6.201110245099998863e-01
2.283233082706767050e+02 6.265163479799999990e-01
2.283458646616541330e+02 6.269543408600001255e-01
2.283684210526315894e+02 6.295100966400000164e-01
2.283909774436090174e+02 6.425681471899999941e-01
2.284135338345864739e+02 6.399959261500001162e-01
2.284360902255639019e+02 6.399847823299998906e-01
2.284586466165413583e+02 6.448658794100000646e-01
2.284812030075187863e+02 6.517314905300000127e-01
2.285037593984962427e+02 6.487335020600000224e-01
2.285263157894736707e+02 6.550506920800003297e-01
2.285427135678392006e+02 6.684129411299999379e-01
2.285488721804511272e+02 6.612808170600000812e-01
2.285714285714285836e+02 6.638509128099999712e-01
2.285939849624060116e+02 6.675433262999999062e-01
2.286165413533834680e+02 6.619301065799997330e-01
2.286390977443608961e+02 6.631840928899999099e-01
2.286616541353383525e+02 6.764884834400001212e-01
2.286842105263157805e+02 6.800115335600003252e-01
2.287067669172932369e+02 6.868649408100001574e-01
2.287293233082706649e+02 6.773867679399999675e-01
2.287518796992481214e+02 6.905212555800001040e-01
2.287744360902255494e+02 6.907341518500004218e-01
2.287969924812030058e+02 7.012932427399999336e-01
2.288195488721804622e+02 7.060240995000000019e-01
2.288421052631578902e+02 7.054650684800003457e-01
2.288646616541353467e+02 7.231976912000006585e-01
2.288872180451127747e+02 7.208160753599999193e-01
2.288944723618090507e+02 7.171560451300004191e-01
2.289097744360902311e+02 7.153010664799999141e-01
2.289323308270676591e+02 7.315641641899998104e-01
2.289548872180451156e+02 7.402236958300001390e-01
2.289774436090225436e+02 7.465196494000001515e-01
2.290000000000000000e+02 7.510062970000005445e-01
2.290225563909774564e+02 7.694482173900002442e-01
2.290451127819548844e+02 7.462425250899998863e-01
2.290676691729323409e+02 7.815118821699997831e-01
2.290902255639097689e+02 7.812719076200000945e-01
2.291127819548872253e+02 7.737755903100003163e-01
2.291353383458646533e+02 7.870268758099997486e-01
2.291578947368421098e+02 7.894541579500004014e-01
2.291804511278195378e+02 7.798719277600001387e-01
2.292030075187969942e+02 8.076991106100002149e-01
2.292255639097744222e+02 7.912300277299998408e-01
2.292462311557789008e+02 8.061621600400001864e-01
2.292481203007518786e+02 8.046374039500000519e-01
2.292706766917293351e+02 8.321853319900002210e-01
2.292932330827067631e+02 8.239340712499998443e-01
2.293157894736842195e+02 8.117907640199999442e-01
2.293383458646616475e+02 8.245865435600001625e-01
2.293609022556391039e+02 8.209976454700000925e-01
2.293834586466165320e+02 8.244230283300001405e-01
2.294060150375939884e+02 8.260189153899998304e-01
2.294285714285714164e+02 8.435333433100002942e-01
2.294511278195488728e+02 8.500506810100000310e-01
2.294736842105263293e+02 8.692379907499997449e-01
2.294962406015037573e+02 8.603050443200003228e-01
2.295187969924812137e+02 8.583725592799996695e-01
2.295413533834586417e+02 8.804065547800000724e-01
2.295639097744360981e+02 8.978386910000003551e-01
2.295864661654135261e+02 9.087126026800000922e-01
2.295979899497487509e+02 9.026683046499998087e-01
2.296090225563909826e+02 9.296577202500000414e-01
2.296315789473684106e+02 9.021692549299996644e-01
2.296541353383458670e+02 9.026497282399996713e-01
2.296766917293232950e+02 9.339081205100001615e-01
2.296992481203007515e+02 9.126694127599996875e-01
2.297218045112782079e+02 9.135910641699998003e-01
2.297443609022556359e+02 9.385163354600000174e-01
2.297669172932330923e+02 9.626611932900002166e-01
2.297894736842105203e+02 9.662920207100000880e-01
2.298120300751879768e+02 9.912746457700000180e-01
2.298345864661654048e+02 9.871654642799997381e-01
2.298571428571428612e+02 9.688424738299998840e-01
2.298796992481202892e+02 9.913134059999998415e-01
2.299022556390977456e+02 9.933175531000000280e-01
2.299248120300752021e+02 9.847981797299997231e-01
2.299473684210526301e+02 1.002143784230000501e+00
2.299497487437186010e+02 1.028671310100000458e+00
2.299699248120300865e+02 1.019658202199999808e+00
2.299924812030075145e+02 1.015976413600000017e+00
2.300000000000000000e+02 1.013080874859999980e+00
2.300150375939849710e+02 1.029179916899999991e+00
2.300375939849623990e+02 1.039844130699999925e+00
2.300601503759398554e+02 1.016967606000000357e+00
2.300827067669172834e+02 1.044343537600000316e+00
2.301052631578947398e+02 1.040214706199999783e+00
2.301278195488721678e+02 1.039501704600000576e+00
2.301503759398496243e+02 1.070477128800000122e+00
2.301729323308270807e+02 1.068300959999999966e+00
2.301954887218045087e+02 1.074920251300000240e+00
2.302180451127819651e+02 1.087818491500000651e+00
2.302406015037593932e+02 1.110441239700000748e+00
2.302631578947368496e+02 1.120269299199999624e+00
2.302857142857142776e+02 1.131255224900000522e+00
2.303015075376884511e+02 1.118349554100000587e+00
2.303082706766917340e+02 1.115901021700000051e+00
2.303308270676691620e+02 1.155581124700000073e+00
2.303533834586466185e+02 1.172816836000000418e+00
2.303759398496240465e+02 1.148184604000000997e+00
2.303984962406015029e+02 1.157015608500000292e+00
2.304210526315789593e+02 1.175573801400000118e+00
2.304436090225563873e+02 1.169480641000000709e+00
2.304661654135338438e+02 1.181431219800000543e+00
2.304887218045112718e+02 1.201203042700000667e+00
2.305112781954887282e+02 1.195055216999999947e+00
2.305338345864661562e+02 1.198512984299999529e+00
2.305563909774436127e+02 1.239665798299999233e+00
2.305789473684210407e+02 1.252234324499999829e+00
2.306015037593984971e+02 1.252577286000000178e+00
2.306240601503759535e+02 1.278916908400000052e+00
2.306466165413533815e+02 1.302728871700000290e+00
2.306532663316583012e+02 1.311853994700000525e+00
2.306691729323308380e+02 1.301132977199999985e+00
2.306917293233082660e+02 1.338987828800000335e+00
2.307142857142857224e+02 1.338424552499999809e+00
2.307368421052631504e+02 1.332418444599999141e+00
2.307593984962406068e+02 1.348660857099999832e+00
2.307819548872180349e+02 1.368392310299999748e+00
2.308045112781954913e+02 1.352952655700000006e+00
2.308270676691729193e+02 1.382516933899999856e+00
2.308496240601503757e+02 1.400676437600000712e+00
2.308721804511278322e+02 1.403067061200000687e+00
2.308947368421052602e+02 1.431783509099999740e+00
2.309172932330827166e+02 1.417469880299999874e+00
2.309398496240601446e+02 1.403409498300000280e+00
2.309624060150376010e+02 1.423782310099999115e+00
2.309849624060150290e+02 1.437578317999999244e+00
2.310000000000000000e+02 1.424492103700000234e+00
2.310050251256281513e+02 1.429611591899999867e+00
2.310075187969924855e+02 1.419623748900000315e+00
2.310300751879699135e+02 1.456079140600000210e+00
2.310526315789473699e+02 1.442031499200000066e+00
2.310751879699247979e+02 1.483056349599999546e+00
2.310977443609022544e+02 1.497762327000000004e+00
2.311203007518797108e+02 1.474107491099999612e+00
2.311428571428571388e+02 1.461116846199999486e+00
2.311654135338345952e+02 1.501731868199999598e+00
2.311879699248120232e+02 1.508243905000000495e+00
2.312105263157894797e+02 1.500112617200000553e+00
2.312330827067669077e+02 1.537546983400000400e+00
2.312556390977443641e+02 1.547032608699999257e+00
2.312781954887217921e+02 1.529401369100001018e+00
2.313007518796992485e+02 1.550328960199999884e+00
2.313233082706767050e+02 1.525586839800000094e+00
2.313458646616541330e+02 1.547380331999999914e+00
2.313567839195980014e+02 1.535203585099999657e+00
2.313684210526315894e+02 1.529332880400000372e+00
2.313909774436090174e+02 1.522135463500000618e+00
2.314135338345864739e+02 1.537033081900000209e+00
2.314360902255639019e+02 1.564925547399999672e+00
2.314586466165413583e+02 1.561711479399999103e+00
2.314812030075187863e+02 1.550222775099999728e+00
2.315037593984962427e+02 1.580198521599999628e+00
2.315263157894736707e+02 1.586111689300000238e+00
2.315488721804511272e+02 1.594104418699999970e+00
2.315714285714285836e+02 1.613465318300000062e+00
2.315939849624060116e+02 1.589599176400000147e+00
2.316165413533834680e+02 1.546634940899999755e+00
2.316390977443608961e+02 1.604797819699999684e+00
2.316616541353383525e+02 1.640867770399999870e+00
2.316842105263157805e+02 1.670088049799999474e+00
2.317067669172932369e+02 1.707619017999999267e+00
2.317085427135678515e+02 1.621542988500000115e+00
2.317293233082706649e+02 1.608028361299999487e+00
2.317518796992481214e+02 1.607533565400000031e+00
2.317744360902255494e+02 1.639830934399999940e+00
2.317969924812030058e+02 1.624815980700000217e+00
2.318195488721804622e+02 1.643619453299999922e+00
2.318421052631578902e+02 1.658299926500000909e+00
2.318646616541353467e+02 1.632855952199999461e+00
2.318872180451127747e+02 1.639665815699999696e+00
2.319097744360902311e+02 1.701613439800000238e+00
2.319323308270676591e+02 1.691738703799999799e+00
2.319548872180451156e+02 1.682018967099999651e+00
2.319774436090225436e+02 1.700444410999999656e+00
2.320000000000000000e+02 1.678153499200000232e+00
2.320225563909774564e+02 1.676691382600000502e+00
2.320451127819548844e+02 1.726666657400000471e+00
2.320603015075377016e+02 1.789789757499999689e+00
2.320676691729323409e+02 1.722119489100000234e+00
2.320902255639097689e+02 1.796201969099999296e+00
2.321127819548872253e+02 1.860998985099999947e+00
2.321353383458646533e+02 1.834857935699999887e+00
2.321578947368421098e+02 1.784205207499999446e+00
2.321804511278195378e+02 1.758342881299999716e+00
2.322030075187969942e+02 1.761788954900000315e+00
2.322255639097744222e+02 1.764569823100000212e+00
2.322481203007518786e+02 1.793682314499999597e+00
2.322706766917293351e+02 1.794813653600000336e+00
2.322932330827067631e+02 1.791735491399999880e+00
2.323157894736842195e+02 1.822998667899999869e+00
2.323383458646616475e+02 1.820438144799999991e+00
2.323609022556391039e+02 1.807736864199999793e+00
2.323834586466165320e+02 1.849124301199999820e+00
2.324060150375939884e+02 1.841570665200000345e+00
2.324120603015075517e+02 1.842042624899999703e+00
2.324285714285714164e+02 1.841455444300000854e+00
2.324511278195488728e+02 1.864924466799999347e+00
2.324736842105263008e+02 1.862971269600000035e+00
2.324962406015037573e+02 1.890508057699999522e+00
2.325187969924812137e+02 1.935206762899999822e+00
2.325413533834586417e+02 1.921484017900000563e+00
2.325639097744360981e+02 1.883375411699999447e+00
2.325864661654135261e+02 1.898335669199999298e+00
2.326090225563909826e+02 1.919598785500001181e+00
2.326315789473684106e+02 1.945508887099999473e+00
2.326541353383458670e+02 1.985598832399999569e+00
2.326766917293232950e+02 1.959868162099999811e+00
2.326992481203007515e+02 1.943052930100000131e+00
2.327218045112782079e+02 1.936369955499999573e+00
2.327443609022556359e+02 2.124277542099999749e+00
2.327638190954774018e+02 2.013107480199999522e+00
2.327669172932330923e+02 2.090098772600000210e+00
2.327894736842105203e+02 2.106681459400000289e+00
2.328120300751879768e+02 2.087064129300000292e+00
2.328345864661654048e+02 2.091867726100000269e+00
2.328571428571428612e+02 2.071209284299999620e+00
2.328796992481202892e+02 2.179601246099999390e+00
2.329022556390977456e+02 2.093298500799999573e+00
2.329248120300752021e+02 2.085713807199999881e+00
2.329473684210526301e+02 2.054421703999999682e+00
2.329699248120300865e+02 2.031616817800000252e+00
2.329924812030075145e+02 2.086320344299999796e+00
2.330000000000000000e+02 2.155329545299999427e+00
2.330150375939849710e+02 2.061690237899998834e+00
2.330375939849623990e+02 2.189815503000001051e+00
2.330601503759398554e+02 2.162119753099999819e+00
2.330827067669172834e+02 2.090911916700000539e+00
2.331052631578947398e+02 2.108046472999999921e+00
2.331155778894472519e+02 2.074187573200001022e+00
2.331278195488721678e+02 2.092569584200000055e+00
2.331503759398496243e+02 2.064726463399999989e+00
2.331729323308270807e+02 2.065728811899999684e+00
2.331954887218045087e+02 2.115227584200000788e+00
2.332180451127819651e+02 2.118034784699999840e+00
2.332406015037593932e+02 2.131876316500001423e+00
2.332631578947368496e+02 2.145511575399999149e+00
2.332857142857142776e+02 2.320855129199999922e+00
2.333082706766917340e+02 2.190233439000000448e+00
2.333308270676691620e+02 2.098932957599999316e+00
2.333533834586466185e+02 2.172401728499999241e+00
2.333759398496240465e+02 2.159054700400000026e+00
2.333984962406015029e+02 2.178673171299999822e+00
2.334210526315789593e+02 2.131722688099999541e+00
2.334436090225563873e+02 2.126787221299999420e+00
2.334661654135338438e+02 2.161974735000000702e+00
2.334673366834171020e+02 2.042239613500000051e+00
2.334887218045112718e+02 2.076488053800000344e+00
2.335112781954887282e+02 2.098213595299998957e+00
2.335338345864661562e+02 2.066796988000000557e+00
2.335563909774436127e+02 2.025104247099999366e+00
2.335789473684210407e+02 2.160694824999998875e+00
2.336015037593984971e+02 2.232793925499999332e+00
2.336240601503759535e+02 2.033981981299999298e+00
2.336466165413533815e+02 2.117632885599999959e+00
2.336691729323308380e+02 2.038795671399999954e+00
2.336917293233082660e+02 2.229351846199999265e+00
2.337142857142857224e+02 2.208633967599999526e+00
2.337368421052631504e+02 2.183822172099999293e+00
2.337593984962406068e+02 2.206591297500001048e+00
2.337819548872180349e+02 2.058574365999999323e+00
2.338045112781954913e+02 2.185307403400000403e+00
2.338190954773869521e+02 2.158969726499998742e+00
2.338270676691729193e+02 1.966061671799999910e+00
2.338496240601503757e+02 2.164907511600000056e+00
2.338721804511278322e+02 2.230250113100000320e+00
2.338947368421052602e+02 2.205171052199999870e+00
2.339172932330827166e+02 2.003200345200001120e+00
2.339398496240601446e+02 2.038692131200000368e+00
2.339624060150376010e+02 2.090517640099999408e+00
2.339849624060150290e+02 2.175143456700000311e+00
2.340000000000000000e+02 2.205807049700000189e+00
2.340075187969924855e+02 2.178884036899999987e+00
2.340300751879699135e+02 2.149831266100000970e+00
2.340526315789473699e+02 2.155586754100001112e+00
2.340751879699247979e+02 2.193703208800000581e+00
2.340977443609022544e+02 2.111930470300000806e+00
2.341203007518797108e+02 2.195424251300000851e+00
2.341428571428571388e+02 2.216451366100001152e+00
2.341654135338345952e+02 2.193862868100000085e+00
2.341708542713568022e+02 2.158981289500001122e+00
2.341879699248120232e+02 2.145887827800000203e+00
2.342105263157894797e+02 2.083832000199999701e+00
2.342330827067669077e+02 2.017878662100000220e+00
2.342556390977443641e+02 1.948744731200000357e+00
2.342781954887217921e+02 2.072130411199999411e+00
2.343007518796992485e+02 1.941035523099999383e+00
2.343233082706767050e+02 2.014028059900000223e+00
2.343458646616541330e+02 1.989578462500001033e+00
2.343684210526315894e+02 1.930603846200000140e+00
2.343909774436090174e+02 1.988870246400000985e+00
2.344135338345864739e+02 1.971553843400000172e+00
2.344360902255639019e+02 2.012414128700000138e+00
2.344586466165413583e+02 2.042712124399999496e+00
2.344812030075187863e+02 1.937580405000000505e+00
2.345037593984962427e+02 1.918690956199999853e+00
2.345226130653266523e+02 1.922138620299999934e+00
2.345263157894736707e+02 2.098436015300000346e+00
2.345488721804511272e+02 1.970233483099999239e+00
2.345714285714285836e+02 2.084082069300000839e+00
2.345939849624060116e+02 2.096986663299999165e+00
2.346165413533834680e+02 2.055864122400000049e+00
2.346390977443608961e+02 2.083365890099999618e+00
2.346616541353383525e+02 2.114452050799999316e+00
2.346842105263157805e+02 2.090239442999999309e+00
2.347067669172932369e+02 2.059240652800000682e+00
2.347293233082706649e+02 2.071477938100000138e+00
2.347518796992481214e+02 2.035301631499999431e+00
2.347744360902255494e+02 2.023387860599998866e+00
2.347969924812030058e+02 1.910426414200000700e+00
2.348195488721804622e+02 1.910123813399999815e+00
2.348421052631578902e+02 1.945719144899999531e+00
2.348646616541353467e+02 2.061310121700000053e+00
2.348743718592965024e+02 2.102133785000000810e+00
2.348872180451127747e+02 2.079388415199999951e+00
2.349097744360902311e+02 2.025309167500000562e+00
2.349323308270676591e+02 2.038511079899999690e+00
2.349548872180451156e+02 2.040739842300000717e+00
2.349774436090225436e+02 1.992093340800000112e+00
2.350000000000000000e+02 2.041049331700000025e+00
2.352261306532663525e+02 2.086102132500000206e+00
2.355778894472361742e+02 1.906371388200000183e+00
2.359296482412060243e+02 1.897897158300000831e+00
2.360000000000000000e+02 1.943157534699998967e+00
2.362814070351758744e+02 1.905086088800000077e+00
2.366331658291457245e+02 2.020036253799999848e+00
2.369849246231155746e+02 2.057332077199998999e+00
2.370000000000000000e+02 2.013973379500000771e+00
2.373366834170854247e+02 2.014306788299999429e+00
2.376884422110552748e+02 2.015795970900000178e+00
2.380000000000000000e+02 1.995043041700000686e+00
2.380402010050251249e+02 1.939716746199998676e+00
2.383919597989949750e+02 1.933276927200000106e+00
2.387437185929648251e+02 1.923484985199999553e+00
2.390000000000000000e+02 1.917257515000000634e+00
2.390954773869346752e+02 1.880337045300000787e+00
2.394472361809045253e+02 1.920963211499999046e+00
2.397989949748743754e+02 1.841612062000000050e+00
2.400000000000000000e+02 1.963564320500000626e+00
2.401507537688442255e+02 1.890384364900000058e+00
2.405025125628140756e+02 1.952766298599999839e+00
2.408542713567839257e+02 1.973644518099999523e+00
2.410000000000000000e+02 1.904305132499999553e+00
2.412060301507537758e+02 1.961033511599999279e+00
2.415577889447236259e+02 1.872166504300000200e+00
2.419095477386934760e+02 1.940098476699999797e+00
2.420000000000000000e+02 1.858926883499999905e+00
2.422613065326633262e+02 1.858453843399999750e+00
2.426130653266331763e+02 1.844284623499999665e+00
2.429648241206030264e+02 1.887849844100001340e+00
2.430000000000000000e+02 1.854625520500000624e+00
2.433165829145728765e+02 1.876588364299999867e+00
2.436683417085427266e+02 1.988870247599998864e+00
2.440000000000000000e+02 2.080150720200000247e+00
2.440201005025125482e+02 2.081599035600000924e+00
2.443718592964823983e+02 2.074131905399999809e+00
2.447236180904522485e+02 2.004287617799999310e+00
2.450000000000000000e+02 2.064680804900000055e+00
2.450753768844220986e+02 2.064556042300000449e+00
2.454271356783919487e+02 2.086210441399999116e+00
2.457788944723617988e+02 2.072159607200000142e+00
2.460000000000000000e+02 2.035161105599999409e+00
2.461306532663316489e+02 2.037516712500001326e+00
2.464824120603014990e+02 2.100514494800000076e+00
2.468341708542713491e+02 2.079681964600000654e+00
2.470000000000000000e+02 1.955404896299999029e+00
2.471859296482411992e+02 2.002906737599999598e+00
2.475376884422110493e+02 1.924435305300000509e+00
2.478894472361808994e+02 1.976346294299999418e+00
2.480000000000000000e+02 1.869982875499999864e+00
2.482412060301507495e+02 1.872136225099999995e+00
2.485929648241205996e+02 1.874761531100000100e+00
2.489447236180904497e+02 1.873168299899999445e+00
2.490000000000000000e+02 1.870969307800000259e+00
2.492964824120602998e+02 1.881494961699999857e+00
2.496482412060301499e+02 1.868129523699999739e+00
2.500000000000000000e+02 1.862023623700000297e+00
2.510000000000000000e+02 1.853275423600000416e+00
2.520000000000000000e+02 1.972588045600000450e+00
2.530000000000000000e+02 2.030189223799999887e+00
2.540000000000000000e+02 2.045929389100000328e+00
2.550000000000000000e+02 2.061863839899999551e+00
2.560000000000000000e+02 2.002181000300000235e+00
2.570000000000000000e+02 1.901484458799999500e+00
2.580000000000000000e+02 2.003376051000000935e+00
2.590000000000000000e+02 2.006411737300000109e+00
2.600000000000000000e+02 1.963395481200000736e+00
2.610000000000000000e+02 1.966591507599999566e+00
2.620000000000000000e+02 1.890334451699999585e+00
2.630000000000000000e+02 1.996095817600000544e+00
2.640000000000000000e+02 1.962860879299999972e+00
2.650000000000000000e+02 1.851432678900000628e+00
2.660000000000000000e+02 1.897466052599999564e+00
2.670000000000000000e+02 1.977496759799999504e+00
2.680000000000000000e+02 1.960858308099999725e+00
2.690000000000000000e+02 1.959095200500000189e+00
2.700000000000000000e+02 1.943370428499999969e+00
2.710000000000000000e+02 2.027177409100000105e+00
2.720000000000000000e+02 1.978203390099999348e+00
2.730000000000000000e+02 1.978641905200000162e+00
2.740000000000000000e+02 2.011253046699999825e+00
2.750000000000000000e+02 1.969152050000000154e+00
2.760000000000000000e+02 1.654310189099999828e+00
2.770000000000000000e+02 1.354456162800000252e+00
2.780000000000000000e+02 1.251384355899999967e+00
2.790000000000000000e+02 1.378946098299999701e+00
2.800000000000000000e+02 1.720219901999999745e+00
2.810000000000000000e+02 1.944042555900000302e+00
2.820000000000000000e+02 1.915031984499999007e+00
2.830000000000000000e+02 1.877267923100000457e+00
2.840000000000000000e+02 1.956999713700000143e+00
2.850000000000000000e+02 2.038394288199999238e+00
2.860000000000000000e+02 2.062439331700000267e+00
2.870000000000000000e+02 2.098897924200000098e+00
2.880000000000000000e+02 1.922241084800000666e+00
2.890000000000000000e+02 1.778746467500000428e+00
2.900000000000000000e+02 1.805654131800000339e+00
2.910000000000000000e+02 2.183357908000000513e+00
2.920000000000000000e+02 1.951186873300000180e+00
2.930000000000000000e+02 1.511555125599999716e+00
2.940000000000000000e+02 1.249820324800000160e+00
2.950000000000000000e+02 1.151317458000000959e+00
2.960000000000000000e+02 1.199814746000000154e+00
2.970000000000000000e+02 1.388949875500000264e+00
2.980000000000000000e+02 1.721113967899998931e+00
2.990000000000000000e+02 1.978151887699999723e+00
3.000000000000000000e+02 2.039860638399999981e+00
3.010000000000000000e+02 1.896362838500000647e+00
3.020000000000000000e+02 1.865860448700000562e+00
3.030000000000000000e+02 1.877040709300000554e+00
3.040000000000000000e+02 1.936006815199999176e+00
3.050000000000000000e+02 1.893223095400000666e+00
3.060000000000000000e+02 1.971575074199999777e+00
3.070000000000000000e+02 1.994531770200000498e+00
3.080000000000000000e+02 1.998939838500000121e+00
3.090000000000000000e+02 1.968549468199999541e+00
3.100000000000000000e+02 1.911995216500000039e+00
3.110000000000000000e+02 1.975705504800000067e+00
3.120000000000000000e+02 1.947901665400000315e+00
3.130000000000000000e+02 1.947856538800000203e+00
3.140000000000000000e+02 1.947414309700000734e+00
3.150000000000000000e+02 1.949810785800000890e+00
3.160000000000000000e+02 1.919254773199999375e+00
3.170000000000000000e+02 1.963737905199999467e+00
3.180000000000000000e+02 1.923831663199999653e+00
3.190000000000000000e+02 1.986963250000000292e+00
3.200000000000000000e+02 1.973081778099999850e+00
3.210000000000000000e+02 1.926207967900000817e+00
3.220000000000000000e+02 1.942854383599998513e+00
3.230000000000000000e+02 1.942250752199998987e+00
3.240000000000000000e+02 1.968866947699998704e+00
3.250000000000000000e+02 1.968986419899999785e+00
3.260000000000000000e+02 1.944189085699999930e+00
3.270000000000000000e+02 1.956093994800000679e+00
3.280000000000000000e+02 1.987178792999999555e+00
3.290000000000000000e+02 1.941862132200000701e+00
3.300000000000000000e+02 1.745329963199999446e+00
3.310000000000000000e+02 1.195977934499999895e+00
3.320000000000000000e+02 6.778380292300001386e-01
3.330000000000000000e+02 3.577062216900000480e-01
3.340000000000000000e+02 1.625217778100000454e-01
3.350000000000000000e+02 6.622850530900001309e-02
3.360000000000000000e+02 2.152714184499999669e-02
3.370000000000000000e+02 4.790722777199999532e-03
3.380000000000000000e+02 8.464653143400000142e-04
3.390000000000000000e+02 1.270550208899999577e-04
3.400000000000000000e+02 5.735367151099998810e-05
3.410000000000000000e+02 4.265622461399999290e-05
3.420000000000000000e+02 2.409559018500000469e-05
3.430000000000000000e+02 2.887279075099999910e-05
3.440000000000000000e+02 2.686369198599999864e-05
3.450000000000000000e+02 2.609728781500000037e-05
3.460000000000000000e+02 2.536174056600000654e-05
3.470000000000000000e+02 2.480606671200000839e-05
3.480000000000000000e+02 2.434848692300000932e-05
3.490000000000000000e+02 2.350848667800000302e-05
3.500000000000000000e+02 2.264524038399999873e-05
3.510000000000000000e+02 2.225927588200000935e-05
3.520000000000000000e+02 2.236263419700000365e-05
3.530000000000000000e+02 2.292419763299999834e-05
3.540000000000000000e+02 2.350176292000001629e-05
3.550000000000000000e+02 2.307128646799999335e-05
3.560000000000000000e+02 2.251759284999999607e-05
3.570000000000000000e+02 2.285440622599999028e-05
3.580000000000000000e+02 2.311303605600001352e-05
3.590000000000000000e+02 2.368075026299999494e-05
3.600000000000000000e+02 2.411060125200000499e-05
